1554092829 1 0.0 0.0 81.3422953136358 83.69608596376096 0.0
1554092909 0 0 0 86.20283520871995 88.80718519057696 0
1554092989 0 0 0 91.14882339800867 94.01343977947003 0
1554093069 0 0 0 96.1240756655736 99.25579316931562 0
1554093149 0 0 0 101.0647381620812 104.46687762664104 0
1554093229 0 0 0 105.90054330095943 109.5723147971309 0
1554093309 0 0 0 110.55655305259866 114.49254328464477 0
1554093389 0 0 0 114.95534897447419 119.14513278677052 0
1554093469 0 0 0 119.0183249293883 123.44749989778164 0
1554093549 0 0 0 122.66376084367805 127.31989910869333 0
1554093629 0 0 0 125.83156280177045 130.68852797055212 0
1554093709 0 0 0 128.46187463541978 133.4885617843586 0
1554093789 0 0 0 130.5059793568565 135.66692573009732 0
1554093869 0 0 0 131.92841984960324 137.18462072020034 0
1554093949 0 0 0 132.70855086744822 138.0184452195618 0
1554094029 0 0 0 132.8414173943475 138.16199570762404 0
1554094109 0 0 0 132.3379026114686 137.62588012646128 0
1554094190 0 0 0 131.2065149355773 136.41831119340333 0
1554094270 0 0 0 129.51580670997265 134.6117731896131 0
1554094350 0 0 0 127.30793214319624 132.2507843508957 0
1554094430 0 0 0 124.64505523080068 129.40139728901198 0
1554094510 0 0 0 121.59652071321024 126.13749596168452 0
1554094590 0 0 0 118.23613076452547 122.537856728617 0
1554094670 0 0 0 114.63946665223914 118.68324877823491 0
1554094750 0 0 0 110.88140208886303 114.65373477108157 0
1554094830 0 0 0 107.03392654827141 110.52630219043685 0
1554094910 0 0 0 103.16436196438835 106.37291823717064 0
1554094990 0 0 0 99.33401862355565 102.2590601796513 0
1554095070 0 0 0 95.59730088777938 98.2427345085136 0
1554095150 0 0 0 92.00124170793895 94.37396336991932 0
1554095230 0 0 0 88.58542027485585 90.69468948090541 0
1554095310 0 0 0 85.38220098368824 87.23903266444024 0
1554095390 0 0 0 82.41722232171271 84.03382037613997 0
1554095470 0 0 0 79.71006281414107 81.09931273483409 0
1554095550 0 0 0 77.27501497992678 78.45004661970093 0
1554095630 0 0 0 75.12190578552205 76.09573160813109 0
1554095710 0 0 0 73.2569126035332 74.03959390748608 0
1554095790 0 0 0 71.68155558537993 72.28289099660755 0
1554095870 0 0 0 70.39773978698858 70.83049624975841 0
1554095950 0 0 0 69.40619854060591 69.68105048294242 0
1554096030 0 0 0 68.70519132682591 68.82633836800329 0
1554096110 0 0 0 68.29254891864215 68.26787653087554 0
1554096190 0 0 0 67.80157997867566 67.80157997867566 0
1554096270 0 0 0 67.33035887558317 67.33035887558317 0
1554096350 0 0 0 67.15929666453401 67.15929666453401 0
1554096430 0 0 0 67.28123245039149 67.28123245039149 0
1554096510 0 0 0 67.68950417939082 67.68950417939082 0
1554096590 0 0 0 68.37788410093032 68.37788410093032 0
1554096670 4 0.0 0.0 69.34774905746085 69.34774905746085 0.0
1554096751 2 0.0 0.0 70.58852747652078 70.58852747652078 0.0
1554096831 0 0 0 72.07929500180478 72.07929500180478 0
1554096911 0 0 0 73.82457980420678 73.82457980420678 0
1554096991 0 0 0 75.81941303001993 75.81941303001993 0
1554097071 0 0 0 78.05187435390401 78.05187435390401 0
1554097151 0 0 0 80.51837174060003 80.51837174060003 0
1554097231 1 0.0 0.0 83.2107728951216 83.2107728951216 0.0
1554097311 0 0 0 86.11986688655541 86.11986688655541 0
1554097391 1 0.0 0.0 89.23580572830414 89.23580572830414 0.0
1554097471 3 0.0 0.0 92.5482846425089 92.5482846425089 0.0
1554097551 2 0.0 0.0 96.046813760743 96.046813760743 0.0
1554097631 8 0.0 0.0 99.7210788411018 99.7210788411018 0.0
1554097711 0 0 0 103.56138358222273 103.56138358222273 0
1554097791 0 0 0 107.55916094103715 107.55916094103715 0
1554097871 9 79.2326020028431 79.2326020028431 111.70753657576785 111.70753657576785 79.2326020028431
1554097951 0 0 0 116.0019240621497 116.0019240621497 0
1554098031 0 0 0 120.44063015373187 120.44063015373187 0
1554098111 0 0 0 125.02544745104126 125.02544745104126 0
1554098191 0 0 0 129.76221374417838 129.76221374417838 0
1554098271 0 0 0 134.66131974587913 134.66131974587913 0
1554098351 0 0 0 139.7381506409446 139.7381506409446 0
1554098431 0 0 0 145.01345143426954 145.01345143426954 0
1554098511 6 93.931983619858 93.931983619858 150.51361019914165 150.51361019914165 93.931983619858
1554098591 12 124.4571633661253 124.4571633661253 156.27085731328714 156.27085731328714 124.4571633661253
1554098671 4 0.0 0.0 162.32338113508513 162.32338113508513 0.0
1554098751 0 0 0 168.71536240591558 168.71536240591558 0
1554098831 0 0 0 175.49692838134268 175.49692838134268 0
1554098911 0 0 0 182.72402551664837 182.72402551664837 0
1554098991 0 0 0 190.22968272699356 190.4582054067851 0
1554099071 3 0.0 40.84263251377759 196.8907029269181 198.76631154740022 0.0
1554099151 1 0.0 0.0 204.03982618873576 206.51906419455167 0.0
1554099232 0 0 0 211.84206673332184 214.7060134787159 0
1554099312 0 0 0 220.1724745799569 223.4407358548238 0
1554099392 0 0 0 229.18399590884502 232.89113809037926 0
1554099472 0 0 0 238.94361286039128 243.1280980927161 0
1554099552 0 0 0 249.5242212426224 254.22144544827836 0
1554099632 5 0.0 0.0 260.98947808596364 266.2383243037946 0.0
1554099712 1 0.0 0.0 273.39830088066026 279.24123113413816 0.0
1554099792 0 0 0 286.8026612500818 293.28569699117685 0
1554099872 0 0 0 301.2450349556157 308.41760048275705 0
1554099952 0 0 0 316.7555187726015 324.67012069841945 0
1554100032 3 0.0 117.54009026691368 333.34865646301427 342.06037251209415 0.0
1554100112 1 0.0 0.0 351.0181588407522 360.58580437908074 0.0
1554100192 0 0 0 369.7367623126901 380.2204827397548 0
1554100272 0 0 0 389.4534326386557 400.91143342508275 0
1554100352 0 0 0 410.08650145919677 422.5752537699651 0
1554100432 0 0 0 431.52270962797417 445.0952456565243 0
1554100512 0 0 0 453.61534086628126 468.3193407970068 0
1554100592 0 0 0 476.1833753454726 492.0590950029162 0
1554100672 0 0 0 499.0118963593529 516.0900033769732 0
1554100752 0 0 0 521.8539406655672 540.1533442391145 0
1554100832 0 0 0 544.4339113608746 563.9596840984881 0
1554100912 0 0 0 566.4525835889833 587.1940819723334 0
1554100992 0 0 0 587.5936310959569 609.5229221891707 0
1554101072 0 0 0 607.5314960654703 630.6021916675456 0
1554101152 0 0 0 625.9403249747903 650.0869105156304 0
1554101232 0 0 0 642.5036093613871 667.6413344129192 0
1554101312 1 0.0 0.0 656.9241110870475 682.9494831274604 0.0
1554101392 3 6.714563885473179 0.0 668.9336175871148 695.7255124732101 6.714563885473179
1554101472 0 0 0 678.3020699825574 705.7234437383395 0
1554101552 0 0 0 684.8456319957179 712.7457909429855 0
1554101632 6 25.8296723635444 0.0 688.4333144816227 716.6506757839452 25.8296723635444
1554101712 0 0 0 688.9809243528218 717.3462837795499 0
1554101793 0 0 0 686.458364507443 714.7965043694371 0
1554101873 0 0 0 680.9449554111849 709.0810263373312 0
1554101953 0 0 0 672.5485322064515 700.3114301684561 0
1554102033 0 0 0 661.4345729858815 688.6598944736975 0
1554102113 6 0.0 65.3570466678967 647.8192611954728 674.3526991339858 0.0
1554102193 0 0 0 631.9622328770854 657.6626418179594 0
1554102273 0 0 0 614.1579595970512 638.8999801364096 0
1554102353 5 0.0 0.0 594.7222278393922 618.4023248096247 0.0
1554102433 1 0.0 0.0 573.945972614473 596.5239636460486 0.0
1554102513 0 0 0 552.221106279986 573.6251233182401 0
1554102593 0 0 0 529.883685343704 550.0616674266387 0
1554102673 0 0 0 507.25627801948576 526.1756918605006 0
1554102753 0 0 0 484.64042008089984 502.28740524969913 0
1554102833 0 0 0 462.31057252334745 478.68858447323555 0
1554102913 0 0 0 440.5097324015737 455.6377795463266 0
1554102993 0 0 0 419.43555720428395 433.3573194602263 0
1554103073 2 0.0 0.0 399.2686546328084 412.0320561622591 0.0
1554103153 2 0.0 20.67774420039153 380.1548675074039 391.80968038968985 0.0
1554103233 0 0 0 362.19940059215804 372.8023717220097 0
1554103313 1 0.0 0.0 345.47674562797414 355.0894932986641 0.0
1554103393 4 0.0 0.0 330.03392883231004 338.7210263894614 0.0
1554103473 0 0 0 315.8941489393686 323.72144569515007 0
1554103553 0 0 0 303.05852580159586 307.39383743386105 0
1554103633 0 0 0 291.5160634049306 292.5613688877441 0
1554103713 0 0 0 279.25483746411896 279.25483746411896 0
1554103793 0 0 0 267.411669732272 267.411669732272 0
1554103873 0 0 0 256.9624166173344 256.9624166173344 0
1554103953 0 0 0 247.83378496688346 247.83378496688346 0
1554104033 0 0 0 239.95104783791336 239.95104783791336 0
1554104113 0 0 0 233.23987510182718 233.23987510182718 0
1554104193 0 0 0 227.62764611356965 227.62764611356965 0
1554104274 0 0 0 222.99324686704904 222.99324686704904 0
1554104354 4 0.0 0.0 219.38345139241235 219.38345139241235 0.0
1554104434 5 0.0 0.0 216.67109170811744 216.67109170811744 0.0
1554104514 1 147.98299130080719 147.98299130080719 214.79573665902348 214.79573665902348 147.98299130080719
1554104594 7 15.60772529768529 15.60772529768529 213.70000555466987 213.70000555466987 15.60772529768529
1554104674 2 32.38394460008845 32.38394460008845 213.32185828424772 213.32185828424772 32.38394460008845
1554104754 0 0 0 213.6139289544691 213.6139289544691 0
1554104834 0 0 0 214.52816060169775 214.52816060169775 0
1554104914 0 0 0 216.01633735050592 216.01633735050592 0
1554104994 0 0 0 218.03189136123814 218.03189136123814 0
1554105074 0 0 0 220.52981111643314 220.52981111643314 0
1554105154 0 0 0 223.46667335912736 223.46667335912736 0
1554105234 0 0 0 226.80080887110896 226.80080887110896 0
1554105314 1 0.0 0.0 230.49260348325788 230.49260348325788 0.0
1554105394 4 0.0 0.0 234.50492706276043 234.50492706276043 0.0
1554105474 5 0.0 0.0 238.8036748962899 238.8036748962899 0.0
1554105554 5 11.246066423529133 11.246066423529133 243.3583984763962 243.3583984763962 11.246066423529133
1554105634 53 1007.9366383814166 1007.9366383814166 248.142996594944 248.142996594944 1007.9366383814166
1554105714 74 317.4587955342467 317.4587955342467 253.13643395192028 253.13643395192028 317.4587955342467
1554105794 62 529.7053480635586 529.7053480635586 258.3234519698613 258.3234519698613 529.7053480635586
1554105874 25 34.2196561116483 34.2196561116483 263.69523764352647 263.69523764352647 34.2196561116483
1554105954 67 630.3143132336432 630.3143132336432 269.25001855119547 269.25001855119547 630.3143132336432
1554106034 55 94.16670222498787 94.16670222498787 274.9935570729258 274.9935570729258 94.16670222498787
1554106114 65 1585.845691958763 1585.845691958763 280.9395228952323 280.9395228952323 1585.845691958763
1554106194 87 1027.3604534409703 1027.3604534409703 287.10973011626777 287.10973011626777 1027.3604534409703
1554106274 33 100.67676968335485 100.67676968335485 293.53423178463333 293.53423178463333 100.67676968335485
1554106354 0 0 0 300.25127137504177 300.25127137504177 0
1554106434 0 0 0 307.3070956659688 307.3070956659688 0
1554106514 0 0 0 314.7556360064753 314.7556360064753 0
1554106594 0 0 0 322.6580658217937 322.6580658217937 0
1554106674 0 0 0 331.0822408511098 331.0822408511098 0
1554106754 0 0 0 340.1615012278373 340.1615012278373 0
1554106835 2 0.0 0.0 349.92228655708783 349.92228655708783 0.0
1554106915 0 0 0 360.3848030030165 360.3848030030165 0
1554106995 0 0 0 371.693007372667 371.693007372667 0
1554107075 0 0 0 383.9354035133543 383.9354035133543 0
1554107155 0 0 0 397.20091947819884 397.20091947819884 0
1554107235 0 0 0 411.577147687042 411.577147687042 0
1554107315 0 0 0 427.14827114069243 427.14827114069243 0
1554107395 0 0 0 443.9926296237595 443.9926296237595 0
1554107475 0 0 0 462.17988994142706 462.17988994142706 0
1554107555 0 0 0 481.7677991921505 481.7677991921505 0
1554107635 0 0 0 500.4084552456357 502.7985229139868 0
1554107715 0 0 0 518.9322820109121 525.2946046726089 0
1554107795 0 0 0 538.7038219366226 549.2546230283492 0
1554107875 0 0 0 559.6964573389889 574.6486707521658 0
1554107955 0 0 0 581.8561153333599 601.4138329914904 0
1554108035 0 0 0 605.0980721061004 626.0885759474177 0
1554108115 0 0 0 629.3041625443228 651.3822159476955 0
1554108195 0 0 0 654.3206258960174 677.5231340950343 0
1554108275 0 0 0 679.9568309180327 704.3143776164611 0
1554108355 0 0 0 705.9851131889556 731.5201795974973 0
1554108435 0 0 0 732.1419289339169 758.8670806416613 0
1554108515 0 0 0 758.1304803099271 786.0465889980052 0
1554108595 0 0 0 783.6245615232889 812.7194678052862 0
1554108675 4 0.0 75.94828141085385 808.2680497903563 838.5216526156627 0.0
1554108755 0 0 0 831.7025910416122 863.0717023131263 0
1554108835 2 0.0 0.0 853.5552638028711 885.9795874560666 0.0
1554108915 0 0 0 873.4548753225936 906.8565326890465 0
1554108995 1 0.0 0.0 891.0420315479928 925.3255569386905 0.0
1554109075 0 0 0 905.9794619555884 941.0323031713267 0
1554109155 0 0 0 917.9621863311672 953.6557243417014 0
1554109235 0 0 0 926.7271102862403 962.9181910698228 0
1554109316 0 0 0 932.1059055464848 968.6420988871988 0
1554109396 0 0 0 933.8097741515207 970.5199749238574 0
1554109476 0 0 0 931.836495983052 968.5476544678971 0
1554109556 0 0 0 926.1629134895863 962.6979004552433 0
1554109636 0 0 0 916.8348598763574 953.0157914558987 0
1554109716 0 0 0 903.9666738521865 939.6183383788486 0
1554109796 0 0 0 887.7385147100836 922.6917951487861 0
1554109876 0 0 0 868.3915378094653 902.4867199014337 0
1554109956 0 0 0 846.2210830160868 879.3109391275142 0
1554110036 0 0 0 821.5681185880475 853.5206609780074 0
1554110116 0 0 0 794.8092717806899 825.5100773780681 0
1554110196 0 0 0 766.3458582769191 795.699880798763 0
1554110276 0 0 0 736.5923818205266 764.5251862738442 0
1554110356 0 0 0 705.9650151238426 730.7476302356624 0
1554110436 2 0.0 0.0 674.8261550450809 693.193733270591 0.0
1554110516 2 0.0 8.174946099041719 643.5596454664817 655.7288043894919 0.0
1554110596 0 0 0 612.5655754703959 618.7804388129998 0
1554110676 2 0.0 0.0 582.1898447461491 582.7458757882882 0.0
1554110756 7 6.801263865049243 6.801263865049243 547.946934145895 547.946934145895 6.801263865049243
1554110836 0 0 0 514.6486300457633 514.6486300457633 0
1554110916 3 0.0 0.0 483.0589659804069 483.0589659804069 0.0
1554110996 0 0 0 453.3309237680036 453.3309237680036 0
1554111076 0 0 0 425.566261808293 425.566261808293 0
1554111156 0 0 0 399.82048200239194 399.82048200239194 0
1554111236 0 0 0 376.1082560959134 376.1082560959134 0
1554111316 0 0 0 354.4150805496296 354.4150805496296 0
1554111396 0 0 0 334.692802531613 334.692802531613 0
1554111476 0 0 0 316.87553275911534 316.87553275911534 0
1554111556 0 0 0 300.8822807323249 300.8822807323249 0
1554111636 0 0 0 286.62130876370094 286.62130876370094 0
1554111716 0 0 0 273.9947737263308 273.9947737263308 0
1554111796 0 0 0 262.83971598990985 262.83971598990985 0
1554111877 0 0 0 253.13091285563647 253.13091285563647 0
1554111957 0 0 0 244.82280180215048 244.82280180215048 0
1554112037 0 0 0 237.75344234628807 237.75344234628807 0
1554112117 0 0 0 231.83210036147517 231.83210036147517 0
1554112197 0 0 0 226.97275515888182 226.97275515888182 0
1554112277 0 0 0 223.0942007236671 223.0942007236671 0
1554112357 0 0 0 220.11989840466885 220.11989840466885 0
1554112437 0 0 0 217.97765828572585 217.97765828572585 0
1554112517 0 0 0 216.59921859519585 216.59921859519585 0
1554112597 0 0 0 215.9197833527204 215.9197833527204 0
1554112677 0 0 0 215.87757038762834 215.87757038762834 0
1554112757 0 0 0 216.41341346536336 216.41341346536336 0
1554112837 0 0 0 217.4704538990556 217.4704538990556 0
1554112917 0 0 0 218.99394859403867 218.99394859403867 0
1554112997 0 0 0 220.9312126866763 220.9312126866763 0
1554113077 0 0 0 223.23170574866805 223.23170574866805 0
1554113157 0 0 0 225.84726126978455 225.84726126978455 0
1554113237 0 0 0 228.73244989565393 228.73244989565393 0
1554113317 0 0 0 231.83860752394853 231.83860752394853 0
1554113397 0 0 0 235.13024481825872 235.13024481825872 0
1554113477 30 0.0 0.0 238.57701911399778 238.57701911399778 0.0
1554113557 15 0.0 0.0 242.15005982980057 242.15005982980057 0.0
1554113637 0 0 0 245.82618200537522 245.82618200537522 0
1554113717 0 0 0 249.5884596519386 249.5884596519386 0
1554113797 0 0 0 253.4267122307882 253.4267122307882 0
1554113877 0 0 0 257.33787638847605 257.33787638847605 0
1554113957 13 0.0 0.0 261.3262419953562 261.3262419953562 0.0
1554114037 21 36.266463196770886 36.266463196770886 265.40353988328934 265.40353988328934 36.266463196770886
1554114117 6 0.0 0.0 269.58887685340306 269.58887685340306 0.0
1554114197 0 0 0 273.90852092350747 273.90852092350747 0
1554114277 0 0 0 278.3955461768465 278.3955461768465 0
1554114358 0 0 0 283.1495183609421 283.1495183609421 0
1554114438 17 4.482758277839369 4.482758277839369 288.09869115460435 288.09869115460435 4.482758277839369
1554114518 13 0.0 0.0 293.3506078971997 293.3506078971997 0.0
1554114598 5 0.0 0.0 298.95977168443983 298.95977168443983 0.0
1554114678 10 0.0 0.0 304.9841117813006 304.9841117813006 0.0
1554114758 3 0.0 0.0 311.48407230238195 311.48407230238195 0.0
1554114838 4 107.88918521074625 107.88918521074625 318.52162639090346 318.52162639090346 107.88918521074625
1554114918 0 0 0 326.1592038971863 326.1592038971863 0
1554114998 0 0 0 334.458514384102 334.458514384102 0
1554115078 2 0.0 0.0 343.4792406012877 343.4792406012877 0.0
1554115158 1 0.0 0.0 353.2775755354736 353.2775755354736 0.0
1554115238 2 27.73349142614475 27.73349142614475 363.9045755043409 363.9045755043409 27.73349142614475
1554115318 2 0.0 0.0 375.4043050198096 375.4043050198096 0.0
1554115398 1 0.0 0.0 387.81175863127277 387.81175863127277 0.0
1554115478 0 0 0 401.1505574998982 401.1505574998982 0
1554115558 0 0 0 415.4304381532678 415.4304381532678 0
1554115638 5 0.0 0.0 430.6445748409945 430.6445748409945 0.0
1554115718 0 0 0 446.7668059963113 446.7668059963113 0
1554115798 0 0 0 463.7488674021207 463.7488674021207 0
1554115878 2 0.0 0.0 481.51776669363016 481.51776669363016 0.0
1554115958 12 0.0 0.0 499.97346602517905 499.97346602517905 0.0
1554116038 15 0.0 0.0 518.9870625692434 518.9870625692434 0.0
1554116118 10 0.0 0.0 538.3996717532071 538.3996717532071 0.0
1554116198 5 0.0 0.0 558.0222203696305 558.0222203696305 0.0
1554116278 3 0.0 0.0 577.6363373262192 577.6363373262192 0.0
1554116358 3 0.0 0.0 596.9964976559688 596.9964976559688 0.0
1554116438 19 37.443556085893626 37.443556085893626 615.8335200715646 615.8335200715646 37.443556085893626
1554116518 17 0.0 0.0 633.8594469208988 633.8594469208988 0.0
1554116598 19 118.18223889217825 118.18223889217825 650.7737548783841 650.7737548783841 118.18223889217825
1554116678 0 0 0 666.2707542294143 666.2707542294143 0
1554116758 0 0 0 680.0479482737189 680.0479482737189 0
1554116838 4 0.0 0.0 691.8780772454046 691.8780772454046 0.0
1554116919 0 0 0 701.4063906602372 701.4063906602372 0
1554116999 0 0 0 708.3447844234181 708.3447844234181 0
1554117079 0 0 0 712.5651248859805 712.5651248859805 0
1554117159 0 0 0 713.9161034713009 713.9161034713009 0
1554117239 0 0 0 712.2996412016377 712.2996412016377 0
1554117319 0 0 0 707.6754139524869 707.6754139524869 0
1554117399 0 0 0 700.0634053993957 700.0634053993957 0
1554117479 0 0 0 689.5317565088642 689.5317565088642 0
1554117559 6 0.0 0.0 676.2193690448383 676.2193690448383 0.0
1554117639 0 0 0 660.3340218631838 660.3340218631838 0
1554117719 5 0.0 0.0 642.1198051893695 642.1198051893695 0.0
1554117799 5 0.0 0.0 621.8620171481539 621.8620171481539 0.0
1554117879 2 0.0 0.0 599.8780083319784 599.8780083319784 0.0
1554117959 9 0.0 0.0 576.4911598665568 576.4911598665568 0.0
1554118039 2 0.0 0.0 552.0622758042103 552.0622758042103 0.0
1554118119 1 1.288434024608226 1.288434024608226 526.9516573387422 526.9516573387422 1.288434024608226
1554118199 3 0.0 0.0 501.5018656182422 501.5018656182422 0.0
1554118279 2 68.16047569898683 68.16047569898683 476.0373371310515 476.0373371310515 68.16047569898683
1554118359 0 0 0 450.8568463096172 450.8568463096172 0
1554118439 1 0.0 0.0 426.22763137477443 426.22763137477443 0.0
1554118519 0 0 0 402.3813271743743 402.3813271743743 0
1554118599 11 0.0 0.0 379.5117258342227 379.5117258342227 0.0
1554118679 9 76.96957733287687 76.96957733287687 357.7742681692031 357.7742681692031 76.96957733287687
1554118759 0 0 0 337.2870696823088 337.2870696823088 0
1554118839 4 0.0 0.0 318.13321723779757 318.13321723779757 0.0
1554118919 5 0.0 0.0 300.3640280411673 300.3640280411673 0.0
1554118999 5 1.7962898998057213 1.7962898998057213 284.00295275777256 284.00295275777256 1.7962898998057213
1554119079 3 0.0 0.0 269.0498200333864 269.0498200333864 0.0
1554119159 2 0.0 0.0 255.48515219060607 255.48515219060607 0.0
1554119239 0 0 0 243.27433134348973 243.27433134348973 0
1554119319 0 0 0 232.37144764111332 232.37144764111332 0
1554119400 0 0 0 222.60979643780692 222.60979643780692 0
1554119480 4 0.0 0.0 214.17102726038803 214.17102726038803 0.0
1554119560 3 0.0 0.0 206.8655787971192 206.8655787971192 0.0
1554119640 5 0.0 0.0 200.63145314851195 200.63145314851195 0.0
1554119720 7 126.81775641536639 126.81775641536639 195.3963224726305 195.3963224726305 126.81775641536639
1554119800 0 0 0 191.10921847779332 191.10921847779332 0
1554119880 0 0 0 187.7144848033983 187.7144848033983 0
1554119960 0 0 0 185.15714531387897 185.15714531387897 0
1554120040 0 0 0 183.3846721577931 183.3846721577931 0
1554120120 0 0 0 182.3467622592289 182.3467622592289 0
1554120200 0 0 0 181.99496455518985 181.99496455518985 0
1554120280 0 0 0 182.2822107302718 182.2822107302718 0
1554120360 0 0 0 183.16229951029771 183.16229951029771 0
1554120440 2 4.935992299866027 4.935992299866027 184.58938141880077 184.58938141880077 4.935992299866027
1554120520 0 0 0 186.517487736347 186.517487736347 0
1554120600 0 0 0 188.90014361482557 188.90014361482557 0
1554120680 0 0 0 191.69010060950913 191.69010060950913 0
1554120760 0 0 0 194.83921786106035 194.83921786106035 0
1554120840 0 0 0 198.29851362620275 198.29851362620275 0
1554120920 0 0 0 202.01839979610457 202.01839979610457 0
1554121000 0 0 0 205.94910136920177 205.94910136920177 0
1554121080 0 0 0 210.04125185770909 210.04125185770909 0
1554121160 0 0 0 214.24664360646682 214.24664360646682 0
1554121240 0 0 0 218.51910123279487 218.51910123279487 0
1554121320 0 0 0 222.81416219539278 222.81416219539278 0
1554121400 0 0 0 227.08464569296066 227.08464569296066 0
1554121480 0 0 0 231.30585933748054 231.30585933748054 0
1554121560 0 0 0 235.44951946672464 235.44951946672464 0
1554121640 0 0 0 239.49396883499728 239.49396883499728 0
1554121720 0 0 0 243.42479389684885 243.42479389684885 0
1554121800 2 0.0 0.0 247.23524930294408 247.23524930294408 0.0
1554121880 1 17.73300608013143 17.73300608013143 250.9490033485336 250.9490033485336 17.73300608013143
1554121961 1 0.0 0.0 254.5515817526547 254.5515817526547 0.0
1554122041 6 0.0 0.0 258.03793907778675 258.03793907778675 0.0
1554122121 0 0 0 261.4548863686084 261.4548863686084 0
1554122201 3 0.0 0.0 264.83293238628744 264.83293238628744 0.0
1554122281 2 0.0 0.0 268.2083946498191 268.2083946498191 0.0
1554122361 1 0.0 0.0 271.6225088783083 271.6225088783083 0.0
1554122441 0 0 0 275.12045018069074 275.12045018069074 0
1554122521 0 0 0 278.75029489396684 278.75029489396684 0
1554122601 0 0 0 282.5619470351284 282.5619470351284 0
1554122681 0 0 0 286.60604685416797 286.60604685416797 0
1554122761 0 0 0 290.93287091498007 290.93287091498007 0
1554122841 1 0.0 0.0 295.59122608179973 295.59122608179973 0.0
1554122921 1 0.0 0.0 300.62733282998823 300.62733282998823 0.0
1554123001 0 0 0 306.08368776284465 306.08368776284465 0
1554123081 0 0 0 311.99789265109763 311.99789265109763 0
1554123161 0 0 0 318.4014364905436 318.4014364905436 0
1554123241 0 0 0 325.3184200634394 325.3184200634394 0
1554123321 0 0 0 332.7642185468911 332.7642185468911 0
1554123401 0 0 0 340.74408724676016 340.74408724676016 0
1554123481 0 0 0 349.25172846356304 349.25172846356304 0
1554123561 0 0 0 358.2678525701466 358.2678525701466 0
1554123641 0 0 0 367.758784704543 367.758784704543 0
1554123721 6 0.0 0.0 377.6751857522353 377.6751857522353 0.0
1554123801 0 0 0 387.95097387485424 387.95097387485424 0
1554123881 0 0 0 398.5025481672921 398.5025481672921 0
1554123961 0 0 0 409.2284239730146 409.2284239730146 0
1554124041 0 0 0 420.0093934681199 420.0093934681199 0
1554124121 0 0 0 430.7093178372123 430.7093178372123 0
1554124201 0 0 0 441.17663984665006 441.17663984665006 0
1554124281 0 0 0 451.246678891046 451.246678891046 0
1554124361 0 0 0 460.7447309562625 460.7447309562625 0
1554124442 0 0 0 469.5937248385142 469.5937248385142 0
1554124522 0 0 0 477.39087017397503 477.39087017397503 0
1554124602 0 0 0 484.0671914550952 484.0671914550952 0
1554124682 0 0 0 489.4533176666723 489.4533176666723 0
1554124762 0 0 0 493.3982133071239 493.3982133071239 0
1554124842 0 0 0 495.76782973092935 495.76782973092935 0
1554124922 0 0 0 496.4538783814411 496.4538783814411 0
1554125002 0 0 0 495.3783760122946 495.3783760122946 0
1554125082 0 0 0 492.4972625734242 492.4972625734242 0
1554125162 0 0 0 487.8028700896291 487.8028700896291 0
1554125242 0 0 0 481.3102583835142 481.3102583835142 0
1554125322 0 0 0 473.09655558462543 473.09655558462543 0
1554125402 0 0 0 463.27061077149114 463.27061077149114 0
1554125482 0 0 0 451.96794628443996 451.96794628443996 0
1554125562 7 0.0 0.0 439.35229047607714 439.35229047607714 0.0
1554125642 3 0.0 0.0 425.6102606444696 425.6102606444696 0.0
1554125722 0 0 0 410.94531031807327 410.94531031807327 0
1554125802 0 0 0 395.57125637855904 395.57125637855904 0
1554125882 3 0.0 0.0 379.70572047615053 379.70572047615053 0.0
1554125962 0 0 0 363.56381411420216 363.56381411420216 0
1554126042 1 0.0 0.0 347.3523659707655 347.3523659707655 0.0
1554126122 2 0.0 0.0 331.2649409982023 331.2649409982023 0.0
1554126202 4 0.0 0.0 315.47783438234853 315.47783438234853 0.0
1554126282 9 232.88363851891586 232.88363851891586 300.14714818562254 300.14714818562254 232.88363851891586
1554126362 14 128.81381188758186 128.81381188758186 285.40698122233516 285.40698122233516 128.81381188758186
1554126442 11 0.0 0.0 271.3686904935348 271.3686904935348 0.0
1554126522 1 0.0 0.0 258.12112192908563 258.12112192908563 0.0
1554126602 1 0.0 0.0 245.73166133335138 245.73166133335138 0.0
1554126682 0 0 0 234.24792956710903 234.24792956710903 0
1554126762 0 0 0 223.6999342120338 223.6999342120338 0
1554126842 0 0 0 214.1024937308687 214.1024937308687 0
1554126922 0 0 0 205.40821787409158 205.40821787409158 0
1554127003 0 0 0 197.66742092561861 197.66742092561861 0
1554127083 0 0 0 190.90777783120006 190.90777783120006 0
1554127163 0 0 0 185.05519415558325 185.05519415558325 0
1554127243 0 0 0 180.0842184655922 180.0842184655922 0
1554127323 0 0 0 175.96703988949096 175.96703988949096 0
1554127403 0 0 0 172.6746615825219 172.6746615825219 0
1554127483 0 0 0 170.16836225792662 170.16836225792662 0
1554127563 0 0 0 168.4231423671088 168.4231423671088 0
1554127643 0 0 0 167.41463312885844 167.41463312885844 0
1554127723 0 0 0 167.11452622696885 167.11452622696885 0
1554127803 0 0 0 167.49477032809907 167.49477032809907 0
1554127883 31 0.7603342028020843 0.7603342028020843 168.5271771467606 168.5271771467606 0.7603342028020843
1554127963 41 72.55895739277506 72.55895739277506 170.18288192817153 170.18288192817153 72.55895739277506
1554128043 9 0.0 0.0 172.43169981319113 172.43169981319113 0.0
1554128123 4 0.0 0.0 175.24142259799214 175.24142259799214 0.0
1554128203 2 0.0 0.0 178.57710388558428 178.57710388558428 0.0
1554128283 2 0.0 0.0 182.40038304945946 182.40038304945946 0.0
1554128363 0 0 0 186.6689004822985 186.6689004822985 0
1554128443 0 0 0 191.33585635401315 191.33585635401315 0
1554128523 0 0 0 196.3356268052653 196.3356268052653 0
1554128603 0 0 0 201.62442487096078 201.62442487096078 0
1554128683 0 0 0 207.1424424409675 207.1424424409675 0
1554128763 0 0 0 212.82525390938486 212.82525390938486 0
1554128843 0 0 0 218.60541403984345 218.60541403984345 0
1554128923 0 0 0 224.41357490264124 224.41357490264124 0
1554129003 0 0 0 230.17984501211475 230.17984501211475 0
1554129083 0 0 0 235.83533775049634 235.83533775049634 0
1554129163 0 0 0 241.31384104040146 241.31384104040146 0
1554129243 0 0 0 246.553527992794 246.553527992794 0
1554129323 0 0 0 251.49862235081702 251.49862235081702 0
1554129403 0 0 0 256.1009327352166 256.1009327352166 0
1554129484 0 0 0 260.3713747175306 260.3713747175306 0
1554129564 0 0 0 264.1749305607391 264.1749305607391 0
1554129644 0 0 0 267.54824398098594 267.54824398098594 0
1554129724 0 0 0 270.48378249192865 270.48378249192865 0
1554129804 0 0 0 272.98498531293535 272.98498531293535 0
1554129884 0 0 0 275.06586273359693 275.06586273359693 0
1554129964 0 0 0 276.75025931920294 276.75025931920294 0
1554130044 0 0 0 278.07082597241236 278.07082597241236 0
1554130124 0 0 0 279.0677576471033 279.0677576471033 0
1554130204 0 0 0 279.7873602545087 279.7873602545087 0
1554130284 0 0 0 280.28051215794636 280.28051215794636 0
1554130364 0 0 0 280.6010830257452 280.6010830257452 0
1554130444 0 0 0 280.80436616874687 280.80436616874687 0
1554130524 0 0 0 280.94557114249164 280.94557114249164 0
1554130604 0 0 0 281.0784120190514 281.0784120190514 0
1554130684 0 0 0 281.2538149142044 281.2538149142044 0
1554130764 0 0 0 281.51875686555417 281.51875686555417 0
1554130844 0 0 0 281.9152380620151 281.9152380620151 0
1554130924 0 0 0 282.4793815303966 282.4793815303966 0
1554131004 0 0 0 283.2406490487015 283.2406490487015 0
1554131084 0 0 0 284.22115966963327 284.22115966963327 0
1554131164 0 0 0 285.43509782654166 285.43509782654166 0
1554131244 0 0 0 286.8882013214372 286.8882013214372 0
1554131324 0 0 0 288.57732524637635 288.57732524637635 0
1554131404 0 0 0 290.49008559661235 290.49008559661235 0
1554131484 0 0 0 292.60459503850075 292.60459503850075 0
1554131564 0 0 0 294.8893127162403 294.8893127162403 0
1554131644 0 0 0 297.30303833226566 297.30303833226566 0
1554131724 0 0 0 299.79508818401666 299.79508818401666 0
1554131804 0 0 0 302.30569491427866 302.30569491427866 0
1554131884 0 0 0 304.7666736277702 304.7666736277702 0
1554131964 3 0.0 0.0 307.1161010652041 307.1161010652041 0.0
1554132045 0 0 0 309.2560208521073 309.2560208521073 0
1554132125 3 0.0 0.0 311.0872090487118 311.0872090487118 0.0
1554132205 0 0 0 312.53527934044934 312.53527934044934 0
1554132285 0 0 0 313.511375110586 313.511375110586 0
1554132365 0 0 0 313.9291223731352 313.9291223731352 0
1554132445 0 0 0 313.70741420720447 313.70741420720447 0
1554132525 0 0 0 312.77327553909936 312.77327553909936 0
1554132605 0 0 0 311.0646806618078 311.0646806618078 0
1554132685 0 0 0 308.5175875523869 308.5175875523869 0
1554132765 0 0 0 305.1043603655742 305.1043603655742 0
1554132845 0 0 0 300.8192531437138 300.8192531437138 0
1554132925 0 0 0 295.66947996696297 295.66947996696297 0
1554133005 0 0 0 289.67869433935033 289.67869433935033 0
1554133085 0 0 0 282.8897144031396 282.8897144031396 0
1554133165 0 0 0 275.3635013341129 275.3635013341129 0
1554133245 0 0 0 267.1774009571205 267.1774009571205 0
1554133325 0 0 0 258.42273035543707 258.42273035543707 0
1554133405 0 0 0 249.20183490198409 249.20183490198409 0
1554133485 0 0 0 239.6247744656994 239.6247744656994 0
1554133565 0 0 0 229.80581965739907 229.80581965739907 0
1554133645 0 0 0 219.85994741664504 219.85994741664504 0
1554133725 0 0 0 209.89951741972737 209.89951741972737 0
1554133805 0 0 0 200.03129068428237 200.03129068428237 0
1554133885 0 0 0 190.35391945791525 190.35391945791525 0
1554133965 0 0 0 180.955997203489 180.955997203489 0
1554134045 0 0 0 171.91471404203216 171.91471404203216 0
1554134125 0 0 0 163.29511967577702 163.29511967577702 0
1554134205 0 0 0 155.14995778688103 155.14995778688103 0
1554134285 0 0 0 147.52000396369806 147.52000396369806 0
1554134365 0 0 0 140.4348185616603 140.4348185616603 0
1554134445 0 0 0 133.91381344225883 133.91381344225883 0
1554134526 0 0 0 127.89685692362099 127.89685692362099 0
1554134606 0 0 0 122.5355639513009 122.5355639513009 0
1554134686 0 0 0 117.74896563825892 117.74896563825892 0
1554134766 0 0 0 113.52929393383307 113.52929393383307 0
1554134846 0 0 0 109.86535077263662 109.86535077263662 0
1554134926 0 0 0 106.74362001624326 106.74362001624326 0
1554135006 0 0 0 104.14920701670214 104.14920701670214 0
1554135086 0 0 0 102.06659143779478 102.06659143779478 0
1554135166 0 0 0 100.48018885598137 100.48018885598137 0
1554135246 0 0 0 99.37472356690294 99.37472356690294 0
1554135326 0 0 0 98.73542000645097 98.73542000645097 0
1554135406 3 0.0 0.0 98.54802338795906 98.54802338795906 0.0
1554135486 0 0 0 98.78939460851973 98.78939460851973 0
1554135566 4 0.0 0.0 99.4526533784161 99.4526533784161 0.0
1554135646 5 0.0 0.0 100.52458676255726 100.52458676255726 0.0
1554135726 0 0 0 101.98436412579134 101.98436412579134 0
1554135806 0 0 0 103.81658544540667 103.81658544540667 0
1554135886 0 0 0 106.0065515922146 106.0065515922146 0
1554135966 0 0 0 108.5345608803333 108.5345608803333 0
1554136046 0 0 0 111.37599795918139 111.37599795918139 0
1554136126 0 0 0 114.50229552497422 114.50229552497422 0
1554136206 0 0 0 117.88044004424795 117.88044004424795 0
1554136286 0 0 0 121.47262704322468 121.47262704322468 0
1554136366 0 0 0 125.23611126348902 125.23611126348902 0
1554136446 0 0 0 129.1232920307031 129.1232920307031 0
1554136526 0 0 0 133.08206460700106 133.08206460700106 0
1554136606 0 0 0 137.0564550662673 137.0564550662673 0
1554136686 0 0 0 140.9875394068099 140.9875394068099 0
1554136766 0 0 0 144.81462812394324 144.81462812394324 0
1554136846 0 0 0 148.47667791817395 148.47667791817395 0
1554136926 0 0 0 151.9138725243464 151.9138725243464 0
1554137006 0 0 0 155.0874911339799 155.0874911339799 0
1554137087 0 0 0 157.92358176273447 157.92358176273447 0
1554137167 0 0 0 160.35967914580988 160.35967914580988 0
1554137247 0 0 0 162.3766236157846 162.3766236157846 0
1554137327 0 0 0 163.94483841673699 163.94483841673699 0
1554137407 0 0 0 165.04442725639692 165.04442725639692 0
1554137487 0 0 0 165.66566567637827 165.66566567637827 0
1554137567 0 0 0 165.80910150313414 165.80910150313414 0
1554137647 0 0 0 165.48526482899723 165.48526482899723 0
1554137727 0 0 0 164.7140113677207 164.7140113677207 0
1554137807 0 0 0 163.52354391678725 163.52354391678725 0
1554137887 0 0 0 161.94812149605298 161.94812149605298 0
1554137967 0 0 0 160.0268754363506 160.0268754363506 0
1554138047 0 0 0 157.80825721830917 157.80825721830917 0
1554138127 0 0 0 155.3400127321652 155.3400127321652 0
1554138207 0 0 0 152.67092444797981 152.67092444797981 0
1554138287 0 0 0 149.84938259565092 149.84938259565092 0
1554138367 0 0 0 146.92210647321195 146.92210647321195 0
1554138447 8 0.0 0.0 143.93304980830553 143.93304980830553 0.0
1554138527 0 0 0 140.92250935932552 140.92250935932552 0
1554138607 0 0 0 137.92644192034362 137.92644192034362 0
1554138687 0 0 0 134.9740754764869 134.9740754764869 0
1554138767 0 0 0 132.09105467729788 132.09105467729788 0
1554138847 0 0 0 129.3003559046614 129.3003559046614 0
1554138927 0 0 0 126.61751569226426 126.61751569226426 0
1554139007 0 0 0 124.05294707232002 124.05294707232002 0
1554139087 0 0 0 121.61214411207939 121.61214411207939 0
1554139167 0 0 0 119.29595156984013 119.29595156984013 0
1554139247 0 0 0 117.10088277057946 117.10088277057946 0
1554139327 0 0 0 115.01947362582098 115.01947362582098 0
1554139407 0 0 0 113.04066600065262 113.04066600065262 0
1554139487 0 0 0 111.14755738388482 111.14755738388482 0
1554139568 0 0 0 109.3023417227423 109.3023417227423 0
1554139648 0 0 0 107.53205693150719 107.53205693150719 0
1554139728 6 0.0 0.0 105.79252477299175 105.79252477299175 0.0
1554139808 3 3.2102539993953068 3.2102539993953068 104.06022537420868 104.06022537420868 3.2102539993953068
1554139888 9 11.89942885136319 11.89942885136319 102.30292031583525 102.30292031583525 11.89942885136319
1554139968 1 0.0 0.0 100.50948657269772 100.50948657269772 0.0
1554140048 0 0 0 98.6578953951863 98.6578953951863 0
1554140128 0 0 0 96.72753669378493 96.72753669378493 0
1554140208 0 0 0 94.69992240729235 94.69992240729235 0
1554140288 0 0 0 92.55936828603637 92.55936828603637 0
1554140368 6 0.0 0.0 90.2933736932709 90.2933736932709 0.0
1554140448 2 0.0 0.0 87.89033988417856 87.89033988417856 0.0
1554140528 4 0.0 0.0 85.35031119745784 85.35031119745784 0.0
