1554092829 341 0 0 30.53851721398815 33.05541040479141 0
1554092909 0 0 0 31.84555086411517 34.18885364190648 0
1554092989 0 0 0 32.79581260249411 34.869933276956175 0
1554093069 0 0 0 33.35662878733063 35.07467362160226 0
1554093149 0 0 0 33.51084858900025 34.80253403235322 0
1554093229 0 0 0 33.25801467080871 34.07624079117134 0
1554093309 0 0 0 32.61448034996222 32.939653682067274 0
1554093389 0 0 0 31.60972344626589 31.453915221387998 0
1554093469 0 0 0 30.292743262504754 29.69233327723904 0
1554093549 0 0 0 28.72067636430615 27.734591655684042 0
1554093629 0 0 0 26.908342639764975 25.660942319291514 0
1554093709 0 0 0 24.45366115293036 23.546995052844238 0
1554093789 0 0 0 22.057757598039846 21.459591748390256 0
1554093869 0 0 0 19.780324589826325 19.45405908260932 0
1554093949 0 0 0 17.66576999464913 17.572915449035445 0
1554094029 0 0 0 15.743564346865448 15.743564346865448 0
1554094109 0 0 0 14.0297609780537 14.0297609780537 0
1554094190 0 0 0 12.51187395330159 12.51187395330159 0
1554094270 0 0 0 11.22376615072012 11.22376615072012 0
1554094350 0 0 0 10.135990137394462 10.135990137394462 0
1554094430 0 0 0 9.23582765858262 9.23582765858262 0
1554094510 0 0 0 8.509367790493206 8.509367790493206 0
1554094590 0 0 0 7.942825425121044 7.942825425121044 0
1554094670 0 0 0 7.525190682309685 7.525190682309685 0
1554094750 0 0 0 7.247506644106953 7.247506644106953 0
1554094830 0 0 0 7.104135527354346 7.104135527354346 0
1554094910 0 0 0 7.093415307930886 7.093415307930886 0
1554094990 0 0 0 7.216348734827112 7.216348734827112 0
1554095070 0 0 0 7.481501582364055 7.481501582364055 0
1554095150 0 0 0 7.902877943450863 7.902877943450863 0
1554095230 0 0 0 8.499621000440051 8.499621000440051 0
1554095310 0 0 0 9.155491166108636 9.297438720244713 0
1554095390 0 0 0 9.937683779117455 10.329084183778278 0
1554095470 0 0 0 10.942723463927805 11.63463294601243 0
1554095550 0 0 0 12.203637679077842 13.261371624784688 0
1554095630 0 0 0 13.758026734637122 15.263060407389391 0
1554095710 0 0 0 15.646776318119876 17.427346105594772 0
1554095790 0 0 0 17.911980860331084 19.999884630978116 0
1554095870 0 0 0 20.59398030921225 23.031610551917264 0
1554095950 0 0 0 23.72752621766685 26.562789022835677 0
1554096030 0 0 0 27.337254920416516 30.62350920366072 0
1554096110 0 0 0 31.432833676354825 35.228258567707954 0
1554096190 0 0 0 36.00431851147887 40.37035563098124 0
1554096270 0 0 0 41.01836946892814 46.01620868396912 0
1554096350 0 0 0 46.41596389327471 52.10277597895406 0
1554096430 0 0 0 52.112110732837905 58.5209226841787 0
1554096510 0 0 0 57.989334547856735 65.1515764935331 0
1554096590 0 0 0 63.88258786100011 71.84262284807592 0
1554096670 379 0 0 69.71775956089004 78.458231570294 0
1554096751 108 0 0 75.30855928000636 84.76585794305515 0
1554096831 0 0 0 80.47328123637008 90.53489777911052 0
1554096911 0 0 0 85.1026008001622 95.62272845281686 0
1554096991 0 0 0 89.05359387115425 99.86445480916132 0
1554097071 0 0 0 92.24813642242219 103.12317437405889 0
1554097151 0 0 0 94.6067345095887 105.2976870143488 0
1554097231 462 0 0 96.0808010442439 106.32797896177307 0
1554097311 0 0 0 96.64640220767579 106.19818652705749 0
1554097391 167 37 0 96.30718506055902 104.9369146771103 37
1554097471 478 51 0 95.09352289852644 102.61493808137168 51
1554097551 18 0 0 93.06079578490255 99.34045801596774 0
1554097631 121 0 0 90.28684486294411 95.25223950647057 0
1554097711 0 0 0 86.86862193696402 90.51111056851362 0
1554097791 0 0 0 82.91807601900153 85.29045560705774 0
1554097871 1257 71 32 78.55737886810965 79.7664512153528 71
1554097951 0 0 0 73.91368060658894 74.10883985485673 0
1554098031 0 0 0 69.11368397791605 68.47298931557022 0
1554098111 0 0 0 63.25585244780704 62.9938351300178 0
1554098191 0 0 0 57.37950445335121 57.37950445335121 0
1554098271 0 0 0 51.95335124516929 51.95335124516929 0
1554098351 0 0 0 47.03281382874 47.03281382874 0
1554098431 0 0 0 42.6477712893249 42.6477712893249 0
1554098511 597 21 18 38.807025570745964 38.807025570745964 18
1554098591 1399 71 71 35.50337730257005 35.50337730257005 71
1554098671 401 0 0 32.71830201615397 32.71830201615397 0
1554098751 0 0 0 30.42809786591423 30.42809786591423 0
1554098831 0 0 0 28.60693634435247 28.60693634435247 0
1554098911 0 0 0 27.23057657202247 27.23057657202247 0
1554098991 0 0 0 26.27930492397074 26.27930492397074 0
1554099071 380 0 0 25.740152717517564 25.740152717517564 0
1554099151 240 0 0 25.608619408875157 25.608619408875157 0
1554099232 0 0 0 25.896203227642232 25.896203227642232 0
1554099312 0 0 0 26.612213947238224 26.612213947238224 0
1554099392 0 0 0 27.785554501595264 27.785554501595264 0
1554099472 0 0 0 29.45394311612898 29.45394311612898 0
1554099552 0 0 0 31.663183635426737 31.66797470709996 0
1554099632 854 0 0 33.76502240466231 34.49549315411186 0
1554099712 65 0 0 36.427781341802486 38.01015026052852 0
1554099792 0 0 0 39.70414029177834 42.29269493113919 0
1554099872 0 0 0 43.64791953931086 47.42645445061266 0
1554099952 0 0 0 48.30933775488723 53.49093046996727 0
1554100032 388 0 36 53.72901302696486 60.42500740004128 0
1554100112 201 0 0 59.93099241210409 67.50544233108035 0
1554100192 0 0 0 66.91538362285014 75.44258119508329 0
1554100272 0 0 0 74.65144057988128 84.20859391964999 0
1554100352 0 0 0 83.07213820659155 93.7377284898524 0
1554100432 0 0 0 92.06246645911409 103.92214598988153 0
1554100512 0 0 0 101.4694700441636 114.60105221026977 0
1554100592 0 0 0 111.12341975221075 125.57751503073105 0
1554100672 0 0 0 120.81788663195225 136.62952251518314 0
1554100752 0 0 0 130.33045066094627 147.50596412853113 0
1554100832 0 0 0 139.4347317695479 157.94036290546734 0
1554100912 0 0 0 147.91254714945026 167.6658496344683 0
1554100992 0 0 0 155.5569740987732 176.42841691725164 0
1554101072 0 0 0 162.14969144554152 183.99911261421744 0
1554101152 0 0 0 167.60466978818596 190.18429938917532 0
1554101232 0 0 0 171.82430035646732 194.83345493731088 0
1554101312 68 0 0 174.74922316968778 197.84432534086883 0
1554101392 344 3 0 176.3569130713642 199.16550888072433 3
1554101472 0 0 0 176.608182584162 198.7967099334672 0
1554101552 0 0 0 175.59287981875383 196.78696448239157 0
1554101632 1268 10 0 173.38227403388711 193.23112747482625 10
1554101712 0 0 0 170.04550985584598 188.22776906685198 0
1554101793 0 0 0 165.70812140139194 181.9737427206827 0
1554101873 0 0 0 160.52544901336466 174.71257261218136 0
1554101953 0 0 0 154.60883120201726 166.62732380880345 0
1554102033 0 0 0 148.09960563253424 157.94411688312024 0
1554102113 412 0 58 141.14350281730162 148.88987556545666 0
1554102193 0 0 0 133.88736049757733 139.6836253467967 0
1554102273 0 0 0 126.47572923772856 129.17796507246 0
1554102353 634 0 0 118.98504818611619 118.98504818611619 0
1554102433 125 0 0 109.33271628332021 109.33271628332021 0
1554102513 0 0 0 100.34351416642906 100.34351416642906 0
1554102593 0 0 0 92.10579987632075 92.10579987632075 0
1554102673 0 0 0 84.67635951764345 84.67635951764345 0
1554102753 0 0 0 78.08453023650434 78.08453023650434 0
1554102833 0 0 0 72.33644505292872 72.33644505292872 0
1554102913 0 0 0 67.42406584341494 67.42406584341494 0
1554102993 0 0 0 63.32748183807015 63.32748183807015 0
1554103073 121 0 0 60.021569464073245 60.021569464073245 0
1554103153 331 0 0 57.480853813125265 57.480853813125265 0
1554103233 0 0 0 55.68364884043974 55.68364884043974 0
1554103313 212 0 0 54.6154338746877 54.6154338746877 0
1554103393 84 0 0 54.27147995365721 54.27147995365721 0
1554103473 0 0 0 54.65875513715321 54.65875513715321 0
1554103553 0 0 0 55.797115929671904 55.797115929671904 0
1554103633 0 0 0 57.719739639695355 57.719739639695355 0
1554103713 0 0 0 60.472680231461666 60.472680231461666 0
1554103793 0 0 0 64.11335309996078 64.11335309996078 0
1554103873 0 0 0 68.7076924175934 68.7076924175934 0
1554103953 0 0 0 74.07513938366262 74.32570394153065 0
1554104033 0 0 0 79.18003535425785 81.03518678584217 0
1554104113 0 0 0 85.19516412707915 88.89354865268228 0
1554104193 0 0 0 92.13234889230294 97.93790575245832 0
1554104274 0 0 0 100.08306847849848 108.30942093023042 0
1554104354 641 0 0 108.80651290486207 119.7145349952459 0
1554104434 497 0 0 118.31295119794345 132.18386846006607 0
1554104514 634 17 44 128.47814992247118 145.56770811165686 17
1554104594 553 21 71 139.1353561673176 158.3876732723158 21
1554104674 676 0 0 150.0788565835929 170.77711080779406 0
1554104754 0 0 0 161.07174918790932 183.21431635107683 0
1554104834 0 0 0 171.85735736349628 195.42706523100617 0
1554104914 0 0 0 182.173102901924 207.12728786226276 0
1554104994 0 0 0 191.76525752397308 218.03427136314937 0
1554105074 0 0 0 200.40290232968374 227.88562090421783 0
1554105154 0 0 0 207.88964245978053 236.44506146959426 0
1554105234 0 0 0 214.072065874687 243.51505261186657 0
1554105314 16 0 0 218.84447498995098 248.94403549344813 0
1554105394 439 0 0 222.14993715586868 252.630610469836 0
1554105474 1078 0 0 223.91729457096017 254.52480115347294 0
1554105554 104 0 0 224.21023964158735 254.62680080009264 0
1554105634 12314 333 150 223.12455676107967 252.98372045501333 333
1554105714 22158 84 4 220.75774124705083 249.6848789283351 84
1554105794 17654 91 145 217.22797702872302 244.85612261280502 91
1554105874 5621 6 7 212.60512740163088 238.65357056068046 6
1554105954 20400 316 278 207.09061358786408 231.25707739635783 316
1554106034 11407 128 1 200.83271680560998 222.86361598166746 128
1554106114 21176 590 662 193.9725779053119 213.68071970526316 590
1554106194 29067 448 342 186.64511085943622 203.3529681412825 448
1554106274 5597 110 71 178.98330878031663 191.28974740862617 110
1554106354 0 0 0 171.1112408569317 179.17812146577756 0
1554106434 0 0 0 163.14490447295472 167.22647652319085 0
1554106514 0 0 0 155.19266661305122 155.61856659672551 0
1554106594 0 0 0 144.51111614429843 144.51111614429843 0
1554106674 0 0 0 134.0326704864025 134.0326704864025 0
1554106754 0 0 0 124.22651065686215 124.22651065686215 0
1554106835 451 0 0 115.23069581092913 115.23069581092913 0
1554106915 0 0 0 107.14719303223515 107.14719303223515 0
1554106995 0 0 0 99.94470037330485 99.94470037330485 0
1554107075 0 0 0 93.63405139397956 93.63405139397956 0
1554107155 0 0 0 88.21315785328032 88.21315785328032 0
1554107235 0 0 0 83.67134806655763 83.67134806655763 0
1554107315 0 0 0 79.99355369927355 79.99355369927355 0
1554107395 0 0 0 77.16415658550065 77.16415658550065 0
1554107475 0 0 0 75.1703569600792 75.1703569600792 0
1554107555 0 0 0 74.00496688216752 74.00496688216752 0
1554107635 0 0 0 73.66855853268378 73.66855853268378 0
1554107715 0 0 0 74.17090167048157 74.17090167048157 0
1554107795 0 0 0 75.5316084257669 75.5316084257669 0
1554107875 0 0 0 77.77987108411807 77.77987108411807 0
1554107955 0 0 0 80.9531395865726 80.9531395865726 0
1554108035 0 0 0 85.09455531527243 85.09455531527243 0
1554108115 0 0 0 90.24895663933924 90.24895663933924 0
1554108195 0 0 0 96.4573225974812 96.4573225974812 0
1554108275 0 0 0 103.74964693519867 103.74964693519867 0
1554108355 0 0 0 112.13644734775029 112.13644734775029 0
1554108435 0 0 0 121.56013769798656 121.59940922028653 0
1554108515 0 0 0 129.63857176925353 132.08200294803777 0
1554108595 0 0 0 138.3987248609717 143.48122925528838 0
1554108675 253 0 0 147.70550724184474 155.64184439916488 0
1554108755 0 0 0 157.3859093919239 168.35439877763216 0
1554108835 249 0 0 167.2325495403177 181.3581237234432 0
1554108915 0 0 0 177.0110701376124 194.34912883285304 0
1554108995 2 0 0 186.47099032412436 206.99361333512346 0
1554109075 0 0 0 195.3590470122229 218.94500814974472 0
1554109155 0 0 0 203.4336315094986 229.8633343615698 0
1554109235 0 0 0 210.47874946149415 239.43473146076713 0
1554109316 0 0 0 216.3807383529847 247.19601053131828 0
1554109396 0 0 0 220.8609743606662 252.0794006763213 0
1554109476 0 0 0 223.9206979518237 255.35133653962382 0
1554109556 0 0 0 225.53326118929758 256.9634714821826 0
1554109636 0 0 0 225.72235480266167 256.9179838862413 0
1554109716 0 0 0 224.55643561310492 255.26423675984933 0
1554109796 0 0 0 222.0583193745308 252.0933725934566 0
1554109876 0 0 0 218.427215129915 247.53147693081172 0
1554109956 0 0 0 213.8341954458376 241.59471004365824 0
1554110036 0 0 0 208.4420123286453 233.37304127861913 0
1554110116 0 0 0 202.37206095392338 224.1435553689145 0
1554110196 0 0 0 195.79552765690528 214.14912205068748 0
1554110276 0 0 0 188.89332646305098 203.62527139333463 0
1554110356 0 0 0 181.79681280816934 192.79342255396776 0
1554110436 199 0 0 174.62063629301508 181.85599548837706 0
1554110516 290 0 21 167.46259192849683 170.9932717946507 0
1554110596 0 0 0 160.3617776008745 160.3617776008745 0
1554110676 212 0 0 150.09391808920498 150.09391808920498 0
1554110756 450 0 0 140.29858924001752 140.29858924001752 0
1554110836 0 0 0 131.0625175089042 131.0625175089042 0
1554110916 378 0 0 122.45211893669655 122.45211893669655 0
1554110996 0 0 0 114.515712426324 114.515712426324 0
1554111076 0 0 0 107.28596118216696 107.28596118216696 0
1554111156 0 0 0 100.78244672422821 100.78244672422821 0
1554111236 0 0 0 95.01429947526428 95.01429947526428 0
1554111316 0 0 0 89.98282163681417 89.98282163681417 0
1554111396 0 0 0 85.68404453339322 85.68404453339322 0
1554111476 0 0 0 82.11116512188948 82.11116512188948 0
1554111556 0 0 0 79.25680819661993 79.25680819661993 0
1554111636 0 0 0 77.1150618975413 77.1150618975413 0
1554111716 0 0 0 75.68323251160244 75.68323251160244 0
1554111796 0 0 0 74.9621486092965 74.9621486092965 0
1554111877 0 0 0 74.9673230815241 74.9673230815241 0
1554111957 0 0 0 75.70924101234023 75.70924101234023 0
1554112037 0 0 0 77.20442489861149 77.20442489861149 0
1554112117 0 0 0 79.47799753303384 79.47799753303384 0
1554112197 0 0 0 82.55862418974985 82.55862418974985 0
1554112277 0 0 0 86.47578806809906 86.47578806809906 0
1554112357 0 0 0 91.25592349202864 91.25592349202864 0
1554112437 0 0 0 96.91736469059116 96.91736469059116 0
1554112517 0 0 0 103.4642006741189 103.4642006741189 0
1554112597 0 0 0 110.87932026808755 110.87932026808755 0
1554112677 0 0 0 119.11643495927976 119.11643495927976 0
1554112757 0 0 0 128.09511678081932 128.09511678081932 0
1554112837 0 0 0 137.6946354577734 137.6946354577734 0
1554112917 0 0 0 147.75064065654396 147.75064065654396 0
1554112997 0 0 0 158.05629897128784 158.05629897128784 0
1554113077 0 0 0 167.18649695647886 168.36716518368596 0
1554113157 0 0 0 174.71225633501479 178.4103503948218 0
1554113237 0 0 0 181.73130398105056 187.89752500177585 0
1554113317 0 0 0 188.0299038923252 196.54066672292453 0
1554113397 0 0 0 193.41049163021884 204.06597600402475 0
1554113477 4284 0 0 197.71224608869701 210.23899112950846 0
1554113557 2250 164 0 200.81318435933753 214.87115243843735 164
1554113637 0 0 0 202.63913769511004 217.83274775823793 0
1554113717 0 0 0 203.1667621998067 219.05904421733797 0
1554113797 0 0 0 202.42276109183734 218.55155038453307 0
1554113877 0 0 0 200.47962083616468 216.3746093802608 0
1554113957 2932 0 0 197.44849540414614 212.64798284380424 0
1554114037 4801 0 0 193.42156439268976 207.5364165953383 0
1554114117 672 0 0 188.56082154111158 201.23736166330966 0
1554114197 0 0 0 183.08578693590573 193.9680603302332 0
1554114277 0 0 0 177.16749729468486 185.95310922148934 0
1554114358 0 0 0 170.85945030853009 177.30424287812355 0
1554114438 2800 33 0 164.4594735853364 168.4452490938181 33
1554114518 2089 60 0 158.06343104897815 159.4606771530365 60
1554114598 4589 0 0 150.51535144393512 150.51535144393512 0
1554114678 2249 0 0 141.74842626674928 141.74842626674928 0
1554114758 539 0 0 133.27328666368757 133.27328666368757 0
1554114838 838 107 98 125.17890462635674 125.17890462635674 98
1554114918 0 0 0 117.5321982860599 117.5321982860599 0
1554114998 0 0 0 110.38097681889975 110.38097681889975 0
1554115078 230 0 0 103.75712359813595 103.75712359813595 0
1554115158 38 0 0 97.67975507924221 97.67975507924221 0
1554115238 244 3 0 92.15817880250563 92.15817880250563 0
1554115318 82 0 0 87.19455028272846 87.19455028272846 0
1554115398 1 0 0 82.78618842128688 82.78618842128688 0
1554115478 0 0 0 78.92755187656337 78.92755187656337 0
1554115558 0 0 0 75.61190492761021 75.61190492761021 0
1554115638 451 0 0 72.8327128757513 72.8327128757513 0
1554115718 0 0 0 70.58480693024481 70.58480693024481 0
1554115798 0 0 0 68.86535095793164 68.86535095793164 0
1554115878 134 0 0 67.67462794001644 67.67462794001644 0
1554115958 1464 0 0 67.01664595363394 67.01664595363394 0
1554116038 1628 0 0 66.89954252372391 66.89954252372391 0
1554116118 1750 0 0 67.33574306993242 67.33574306993242 0
1554116198 1580 0 0 68.34180544185888 68.34180544185888 0
1554116278 131 0 0 69.93785966946444 69.93785966946444 0
1554116358 457 0 0 72.14653340970628 72.14653340970628 0
1554116438 6325 0 0 74.99124450099742 74.99124450099742 0
1554116518 5173 0 0 78.49374959545678 78.49374959545678 0
1554116598 3470 20 25 82.67087147482427 82.67087147482427 25
1554116678 0 0 0 87.53039651225801 87.53039651225801 0
1554116758 0 0 0 93.06551729049069 93.06551729049069 0
1554116838 482 0 0 99.29283067595941 99.29283067595941 0
1554116919 0 0 0 106.12648842803121 106.12648842803121 0
1554116999 0 0 0 113.4413657133943 113.4413657133943 0
1554117079 0 0 0 121.1649246561058 121.1649246561058 0
1554117159 0 0 0 129.1508593570241 129.1508593570241 0
1554117239 0 0 0 137.220317367772 137.220317367772 0
1554117319 0 0 0 145.166746319796 145.166746319796 0
1554117399 0 0 0 152.76413190589435 152.76413190589435 0
1554117479 0 0 0 159.77823166794863 159.77823166794863 0
1554117559 1193 0 0 165.97993113144653 165.97993113144653 0
1554117639 0 0 0 171.15946634658417 171.15946634658417 0
1554117719 705 0 0 175.14005238383115 175.14005238383115 0
1554117799 1689 0 0 177.78947087058725 177.78947087058725 0
1554117879 117 0 0 179.02839880521287 179.02839880521287 0
1554117959 1090 0 0 178.83250906954518 178.83250906954518 0
1554118039 184 0 0 177.23745524711876 177.23745524711876 0
1554118119 38 0 0 174.33205603182367 174.33205603182367 0
1554118199 279 0 0 170.24856111618368 170.24856111618368 0
1554118279 430 14 15 165.1532705700381 165.1532705700381 15
1554118359 0 0 0 159.23455119631197 159.23455119631197 0
1554118439 66 0 0 152.69066123171484 152.69066123171484 0
1554118519 0 0 0 145.71847774724523 145.71847774724523 0
1554118599 1297 0 0 138.50397935620688 138.50397935620688 0
1554118679 1578 6 5 131.21502248837268 131.21502248837268 5
1554118759 0 0 0 123.99661847217347 123.99661847217347 0
1554118839 762 0 0 116.96862255095027 116.96862255095027 0
1554118919 741 0 0 110.22551980180322 110.22551980180322 0
1554118999 563 0 0 103.83785665578579 103.83785665578579 0
1554119079 464 0 0 97.85481675614648 97.85481675614648 0
1554119159 148 0 0 92.30746248580382 92.30746248580382 0
1554119239 0 0 0 87.21223369950204 87.21223369950204 0
1554119319 0 0 0 82.57439065897695 82.57439065897695 0
1554119400 0 0 0 78.34174424036904 78.34174424036904 0
1554119480 502 0 0 74.61072538790127 74.61072538790127 0
1554119560 414 0 0 71.3153599899986 71.3153599899986 0
1554119640 715 0 0 68.44377390935918 68.44377390935918 0
1554119720 773 0 0 65.98458397313244 65.98458397313244 0
1554119800 0 0 0 63.92801747735888 63.92801747735888 0
1554119880 0 0 0 62.26673608744296 62.26673608744296 0
1554119960 0 0 0 60.99642037606851 60.99642037606851 0
1554120040 0 0 0 60.11616167923776 60.11616167923776 0
1554120120 0 0 0 59.62869357558171 59.62869357558171 0
1554120200 0 0 0 59.54047801367734 59.54047801367734 0
1554120280 0 0 0 59.861641482600966 59.861641482600966 0
1554120360 0 0 0 60.6057360426053 60.6057360426053 0
1554120440 8 5 5 61.78927937175206 61.78927937175206 5
1554120520 0 0 0 63.43100916157085 63.43100916157085 0
1554120600 0 0 0 65.55077297390248 65.55077297390248 0
1554120680 0 0 0 68.16796876302433 68.16796876302433 0
1554120760 0 0 0 71.29945910480049 71.29945910480049 0
1554120840 0 0 0 74.95690973358039 74.95690973358039 0
1554120920 0 0 0 79.14304969588702 79.14304969588702 0
1554121000 0 0 0 83.84909171976796 83.84909171976796 0
1554121080 0 0 0 89.050194038995 89.050194038995 0
1554121160 0 0 0 94.7011410280468 94.7011410280468 0
1554121240 0 0 0 100.73310709851089 100.73310709851089 0
1554121320 0 0 0 107.05122286143846 107.05122286143846 0
1554121400 0 0 0 113.53378643563826 113.53378643563826 0
1554121480 0 0 0 120.03366355146979 120.03366355146979 0
1554121560 0 0 0 126.38225281428674 126.38225281428674 0
1554121640 0 0 0 132.3961146396583 132.3961146396583 0
1554121720 0 0 0 137.8860068807389 137.8860068807389 0
1554121800 364 0 0 142.66769329913407 142.66769329913407 0
1554121880 257 0 0 146.59329619920024 146.59329619920024 0
1554121961 141 0 0 149.49312598317755 149.49312598317755 0
1554122041 1121 0 0 151.25136543930788 151.25136543930788 0
1554122121 0 0 0 151.83403504293858 151.83403504293858 0
1554122201 425 0 0 151.23253336231403 151.23253336231403 0
1554122281 770 0 0 149.48635524327437 149.48635524327437 0
1554122361 97 0 0 146.679191630037 146.679191630037 0
1554122441 0 0 0 142.93040009032674 142.93040009032674 0
1554122521 0 0 0 138.38915292019078 138.38915292019078 0
1554122601 0 0 0 133.22221895498933 133.22221895498933 0
1554122681 0 0 0 127.60166917240275 127.60166917240275 0
1554122761 0 0 0 121.69602867722253 121.69602867722253 0
1554122841 77 0 0 115.6620863330218 115.6620863330218 0
1554122921 101 0 0 109.63885416687057 109.63885416687057 0
1554123001 0 0 0 103.74383439729455 103.74383439729455 0
1554123081 0 0 0 98.0714710975019 98.0714710975019 0
1554123161 0 0 0 92.69345729112285 92.69345729112285 0
1554123241 0 0 0 87.66045239894055 87.66045239894055 0
1554123321 0 0 0 83.00473353461787 83.00473353461787 0
1554123401 0 0 0 78.74334014380845 78.74334014380845 0
1554123481 0 0 0 74.88135000184934 74.88135000184934 0
1554123561 0 0 0 71.41502007898274 71.41502007898274 0
1554123641 0 0 0 68.33462055734417 68.33462055734417 0
1554123721 427 0 0 65.62687157491594 65.62687157491594 0
1554123801 0 0 0 63.276953964496606 63.276953964496606 0
1554123881 0 0 0 61.27010753425564 61.27010753425564 0
1554123961 0 0 0 59.59285545196485 59.59285545196485 0
1554124041 0 0 0 58.23390461824575 58.23390461824575 0
1554124121 0 0 0 57.18477388480601 57.18477388480601 0
1554124201 0 0 0 56.44019772481532 56.44019772481532 0
1554124281 0 0 0 55.998344633986555 55.998344633986555 0
1554124361 0 0 0 55.86087898969119 55.86087898969119 0
1554124442 0 0 0 56.037023402209904 56.037023402209904 0
1554124522 0 0 0 56.53081922864435 56.53081922864435 0
1554124602 0 0 0 57.35365149299652 57.35365149299652 0
1554124682 0 0 0 58.5189789796912 58.5189789796912 0
1554124762 0 0 0 60.04181469092546 60.04181469092546 0
1554124842 0 0 0 61.937723379323955 61.937723379323955 0
1554124922 0 0 0 64.22151062098058 64.22151062098058 0
1554125002 0 0 0 66.90555665907877 66.90555665907877 0
1554125082 0 0 0 69.99776615235058 69.99776615235058 0
1554125162 0 0 0 73.4985978418085 73.4985978418085 0
1554125242 0 0 0 77.39979334285269 77.39979334285269 0
1554125322 0 0 0 81.6801510676865 81.6801510676865 0
1554125402 0 0 0 86.3029439516713 86.3029439516713 0
1554125482 0 0 0 91.21340760283701 91.21340760283701 0
1554125562 1035 0 0 96.33690985335517 96.33690985335517 0
1554125642 341 0 0 101.57827077836326 101.57827077836326 0
1554125722 0 0 0 106.81981871244605 106.81981871244605 0
1554125802 0 0 0 111.93096708253022 111.93096708253022 0
1554125882 342 0 0 116.773125755628 116.773125755628 0
1554125962 0 0 0 121.19668995829161 121.19668995829161 0
1554126042 120 0 0 125.05309335867923 125.05309335867923 0
1554126122 1392 0 0 128.20007923471778 128.20007923471778 0
1554126202 198 0 0 130.5279960532163 130.5279960532163 0
1554126282 995 129 134 131.95095587958048 131.95095587958048 134
1554126362 1201 0 0 132.4180547638267 132.4180547638267 0
1554126442 579 0 0 131.91704636189655 131.91704636189655 0
1554126522 265 0 0 130.47501244542374 130.47501244542374 0
1554126602 20 0 0 128.15596044026657 128.15596044026657 0
1554126682 0 0 0 125.05565125987059 125.05565125987059 0
1554126762 0 0 0 121.29428388505055 121.29428388505055 0
1554126842 0 0 0 117.00708674639908 117.00708674639908 0
1554126922 0 0 0 112.3065455412648 112.3065455412648 0
1554127003 0 0 0 107.3640295060885 107.3640295060885 0
1554127083 0 0 0 102.34481147517367 102.34481147517367 0
1554127163 0 0 0 97.33730962700619 97.33730962700619 0
1554127243 0 0 0 92.44186718070132 92.44186718070132 0
1554127323 0 0 0 87.7394030454791 87.7394030454791 0
1554127403 0 0 0 83.28850615885197 83.28850615885197 0
1554127483 0 0 0 79.13569970465797 79.13569970465797 0
1554127563 0 0 0 75.30903446832363 75.30903446832363 0
1554127643 0 0 0 71.82205989332562 71.82205989332562 0
1554127723 0 0 0 68.67767540936293 68.67767540936293 0
1554127803 0 0 0 65.87081158105916 65.87081158105916 0
1554127883 5624 0 0 63.39087535603793 63.39087535603793 0
1554127963 5117 8 8 61.22387619773089 61.22387619773089 8
1554128043 1237 0 0 59.35420380106694 59.35420380106694 0
1554128123 317 0 0 57.766064100125284 57.766064100125284 0
1554128203 363 0 0 56.44460112651186 56.44460112651186 0
1554128283 304 0 0 55.376741354910315 55.376741354910315 0
1554128363 0 0 0 54.55078288642033 54.55078288642033 0
1554128443 0 0 0 53.95871836820662 53.95871836820662 0
1554128523 0 0 0 53.596368320105945 53.596368320105945 0
1554128603 0 0 0 53.46180731709709 53.46180731709709 0
1554128683 0 0 0 53.556090804133355 53.556090804133355 0
1554128763 0 0 0 53.883047838706936 53.883047838706936 0
1554128843 0 0 0 54.44894347347161 54.44894347347161 0
1554128923 0 0 0 55.26200600811295 55.26200600811295 0
1554129003 0 0 0 56.331807606718925 56.331807606718925 0
1554129083 0 0 0 57.668480945836265 57.668480945836265 0
1554129163 0 0 0 59.28175099734193 59.28175099734193 0
1554129243 0 0 0 61.17976155192529 61.17976155192529 0
1554129323 0 0 0 63.36768321172157 63.36768321172157 0
1554129403 0 0 0 65.84589754511408 65.84589754511408 0
1554129484 0 0 0 68.64484877170159 68.64484877170159 0
1554129564 0 0 0 71.68133687772757 71.68133687772757 0
1554129644 0 0 0 74.96374223737 74.96374223737 0
1554129724 0 0 0 78.44080190107462 78.44080190107462 0
1554129804 0 0 0 82.06965031644286 82.06965031644286 0
1554129884 0 0 0 85.79703346526803 85.79703346526803 0
1554129964 0 0 0 89.54593650900239 89.54593650900239 0
1554130044 0 0 0 93.22688373135821 93.22688373135821 0
1554130124 0 0 0 96.74059793226202 96.74059793226202 0
1554130204 0 0 0 99.98199417673436 99.98199417673436 0
1554130284 0 0 0 102.84536159514381 102.84536159514381 0
1554130364 0 0 0 105.2303991052228 105.2303991052228 0
1554130444 0 0 0 107.0485993487693 107.0485993487693 0
1554130524 0 0 0 108.22935468415373 108.22935468415373 0
1554130604 0 0 0 108.72512012974744 108.72512012974744 0
1554130684 0 0 0 108.51502858053118 108.51502858053118 0
1554130764 0 0 0 107.60651130579375 107.60651130579375 0
1554130844 0 0 0 106.03471112291288 106.03471112291288 0
1554130924 0 0 0 103.85974885011318 103.85974885011318 0
1554131004 0 0 0 101.15697501515855 101.15697501515855 0
1554131084 0 0 0 98.0068248657437 98.0068248657437 0
1554131164 0 0 0 94.53105625245854 94.53105625245854 0
1554131244 0 0 0 90.8344197155403 90.8344197155403 0
1554131324 0 0 0 87.01933561247436 87.01933561247436 0
1554131404 0 0 0 83.17853987227711 83.17853987227711 0
1554131484 0 0 0 79.38581919963184 79.38581919963184 0
1554131564 0 0 0 75.71602410542589 75.71602410542589 0
1554131644 0 0 0 72.22193455468816 72.22193455468816 0
1554131724 0 0 0 68.94123470191344 68.94123470191344 0
1554131804 0 0 0 65.89864731372373 65.89864731372373 0
1554131884 0 0 0 63.107655629070415 63.107655629070415 0
1554131964 567 0 0 60.55782394842292 60.55782394842292 0
1554132045 0 0 0 58.26305819945445 58.26305819945445 0
1554132125 437 0 0 56.227919165879 56.227919165879 0
1554132205 0 0 0 54.42489087517859 54.42489087517859 0
1554132285 0 0 0 52.83978793166857 52.83978793166857 0
1554132365 0 0 0 51.457589523430606 51.457589523430606 0
1554132445 0 0 0 50.25789811501918 50.25789811501918 0
1554132525 0 0 0 49.233239665776686 49.233239665776686 0
1554132605 0 0 0 48.371931827431624 48.371931827431624 0
1554132685 0 0 0 47.66403886274519 47.66403886274519 0
1554132765 0 0 0 47.102002609196056 47.102002609196056 0
1554132845 0 0 0 46.68077998518028 46.68077998518028 0
1554132925 0 0 0 46.39784038619312 46.39784038619312 0
1554133005 0 0 0 46.253033799082516 46.253033799082516 0
1554133085 0 0 0 46.24510266082054 46.24510266082054 0
1554133165 0 0 0 46.379998215019405 46.379998215019405 0
1554133245 0 0 0 46.663090938832724 46.663090938832724 0
1554133325 0 0 0 47.100128084011786 47.100128084011786 0
1554133405 0 0 0 47.692554453310706 47.692554453310706 0
1554133485 0 0 0 48.450326723213614 48.450326723213614 0
1554133565 0 0 0 49.37766509238205 49.37766509238205 0
1554133645 0 0 0 50.47656758591001 50.47656758591001 0
1554133725 0 0 0 51.745770654442445 51.745770654442445 0
1554133805 0 0 0 53.17986192661674 53.17986192661674 0
1554133885 0 0 0 54.7467495306168 54.7467495306168 0
1554133965 0 0 0 56.447831350751784 56.447831350751784 0
1554134045 0 0 0 58.26454801487654 58.26454801487654 0
1554134125 0 0 0 60.16629223608506 60.16629223608506 0
1554134205 0 0 0 62.11481588371394 62.11481588371394 0
1554134285 0 0 0 64.06454834813994 64.06454834813994 0
1554134365 0 0 0 65.96353514683099 65.96353514683099 0
1554134445 0 0 0 67.75506732020553 67.75506732020553 0
1554134526 0 0 0 69.39900888063302 69.39900888063302 0
1554134606 0 0 0 70.79552387266102 70.79552387266102 0
1554134686 0 0 0 71.91132823458575 71.91132823458575 0
1554134766 0 0 0 72.69902544412814 72.69902544412814 0
1554134846 0 0 0 73.1218356171581 73.1218356171581 0
1554134926 0 0 0 73.15628858527921 73.15628858527921 0
1554135006 0 0 0 72.79402090136865 72.79402090136865 0
1554135086 0 0 0 72.04244500075698 72.04244500075698 0
1554135166 0 0 0 70.9241930361485 70.9241930361485 0
1554135246 0 0 0 69.4753918411777 69.4753918411777 0
1554135326 0 0 0 67.74297139359393 67.74297139359393 0
1554135406 346 0 0 65.78132046128935 65.78132046128935 0
1554135486 0 0 0 63.64778364354011 63.64778364354011 0
1554135566 507 0 0 61.39274173863308 61.39274173863308 0
1554135646 559 0 0 59.07021453503264 59.07021453503264 0
1554135726 0 0 0 56.730048670748246 56.730048670748246 0
1554135806 0 0 0 54.42906684121603 54.42906684121603 0
1554135886 0 0 0 52.20268812616659 52.20268812616659 0
1554135966 0 0 0 50.07789832950659 50.07789832950659 0
1554136046 0 0 0 48.07353746378843 48.07353746378843 0
1554136126 0 0 0 46.20019701697501 46.20019701697501 0
1554136206 0 0 0 44.45731987280267 44.45731987280267 0
1554136286 0 0 0 42.85061093899279 42.85061093899279 0
1554136366 0 0 0 41.37565208444587 41.37565208444587 0
1554136446 0 0 0 40.024969764751276 40.024969764751276 0
1554136526 0 0 0 38.78908752580554 38.78908752580554 0
1554136606 0 0 0 37.657476432763936 37.657476432763936 0
1554136686 0 0 0 36.61938842777689 36.61938842777689 0
1554136766 0 0 0 35.66456417368824 35.66456417368824 0
1554136846 0 0 0 34.783809775227 34.783809775227 0
1554136926 0 0 0 33.96738891016887 33.96738891016887 0
1554137006 0 0 0 33.20563963880235 33.20563963880235 0
1554137087 0 0 0 32.50274725760852 32.50274725760852 0
1554137167 0 0 0 31.860842240285717 31.860842240285717 0
1554137247 0 0 0 31.275199412552777 31.275199412552777 0
1554137327 0 0 0 30.747378008442098 30.747378008442098 0
1554137407 0 0 0 30.27882814068302 30.27882814068302 0
1554137487 0 0 0 29.871272648264426 29.871272648264426 0
1554137567 0 0 0 29.5322027235555 29.5322027235555 0
1554137647 0 0 0 29.266648091120672 29.266648091120672 0
1554137727 0 0 0 29.078663667240196 29.078663667240196 0
1554137807 0 0 0 28.97020519404175 28.97020519404175 0
1554137887 0 0 0 28.947325731665675 28.947325731665675 0
1554137967 0 0 0 29.012057902603427 29.012057902603427 0
1554138047 0 0 0 29.156814183606617 29.156814183606617 0
1554138127 0 0 0 29.378801329184526 29.378801329184526 0
1554138207 0 0 0 29.683897240361862 29.683897240361862 0
1554138287 0 0 0 30.065853701321707 30.065853701321707 0
1554138367 0 0 0 30.515590307349736 30.515590307349736 0
1554138447 2062 0 0 31.021110207986013 31.021110207986013 0
1554138527 0 0 0 31.567477133344095 31.567477133344095 0
1554138607 0 0 0 32.13695323995529 32.13695323995529 0
1554138687 0 0 0 32.7093379304387 32.7093379304387 0
1554138767 0 0 0 33.2625365165769 33.2625365165769 0
1554138847 0 0 0 33.77336694071622 33.77336694071622 0
1554138927 0 0 0 34.218583492932446 34.218583492932446 0
1554139007 0 0 0 34.576062170860126 34.576062170860126 0
1554139087 0 0 0 34.82605848645564 34.82605848645564 0
1554139167 0 0 0 34.95242205092574 34.95242205092574 0
1554139247 0 0 0 34.94364001675921 34.94364001675921 0
1554139327 0 0 0 34.79358820989026 34.79358820989026 0
1554139407 0 0 0 34.501895907155955 34.501895907155955 0
1554139487 0 0 0 34.07387426523893 34.07387426523893 0
1554139568 0 0 0 33.505700874890934 33.505700874890934 0
1554139648 0 0 0 32.83320584349474 32.83320584349474 0
1554139728 1201 0 0 32.06846185139474 32.06846185139474 0
1554139808 134 0 0 31.23154988364556 31.23154988364556 0
1554139888 907 0 0 30.342887775776244 30.342887775776244 0
1554139968 219 0 0 29.422108826362447 29.422108826362447 0
1554140048 0 0 0 28.487120740711138 28.487120740711138 0
1554140128 0 0 0 27.54777937418547 27.54777937418547 0
1554140208 0 0 0 26.612485954295046 26.612485954295046 0
1554140288 0 0 0 25.701194928111224 25.701194928111224 0
1554140368 766 0 0 24.820442047284697 24.820442047284697 0
1554140448 263 0 0 23.973858328394456 23.973858328394456 0
1554140528 353 0 0 23.16252108262417 23.16252108262417 0
