1554092829 0 0 0 15.08524249526957 16.359300464993783 0
1554092869 0 0 0 15.45327471871857 16.69610993979762 0
1554092909 0 0 0 15.780759066181387 16.980190319438062 0
1554092949 0 0 0 16.064791797933776 17.208663322468425 0
1554092989 0 0 0 16.30287190844835 17.37931146246963 0
1554093029 0 0 0 16.492940694045767 17.490621814486545 0
1554093069 4 0 53 16.633415048721737 17.541815015134393 0
1554093109 0 0 0 16.723213738608877 17.532858606467876 0
1554093149 0 0 0 16.76177608305279 17.464464366894724 0
1554093189 2 0 0 16.749072505947435 17.3380696654585 0
1554093229 0 0 0 16.685606551256846 17.155803383490046 0
1554093269 0 0 0 16.57240811955186 16.9204374076813 0
1554093309 0 0 0 16.411017817448993 16.635325097972462 0
1554093349 0 0 0 16.203282689600528 16.304328584094794 0
1554093389 0 0 0 15.951224162288472 15.931737021374595 0
1554093429 0 0 0 15.658499283977429 15.522178200013409 0
1554093469 0 0 0 15.328363250767095 15.080526116501106 0
1554093509 0 0 0 14.96438001173765 14.611807160737936 0
1554093549 0 0 0 14.57036316391993 14.121107490677275 0
1554093589 0 0 0 14.150313200386202 13.613484165006764 0
1554093629 1 0 0 13.70835259209729 13.09388228009753 0
1554093669 0 0 0 13.14639592813307 12.567060039193972 0
1554093709 0 0 0 12.53156644653452 12.037523428356042 0
1554093749 0 0 0 11.922094706395855 11.509471624488201 0
1554093789 1 0 0 11.322183937365903 10.98675383570082 0
1554093829 0 0 0 10.735573660673941 10.472837912689444 0
1554093869 3 0 0 10.165522318143692 9.970790556990801 0
1554093909 1 0 0 9.614802271682638 9.483268525618522 0
1554093949 0 0 0 9.085706241686415 9.012520068756578 0
1554093989 0 0 0 8.580063752962719 8.560395380278873 0
1554094029 5 0 0 8.099266111111817 8.099266111111817 0
1554094069 3 0 0 7.644298235753629 7.644298235753629 0
1554094109 0 0 0 7.215775698679213 7.215775698679213 0
1554094149 0 0 0 6.81398527937448 6.81398527937448 0
1554094190 0 0 0 6.4298919978479345 6.4298919978479345 0
1554094230 0 0 0 6.08198195545366 6.08198195545366 0
1554094270 9 0 0 5.760106323387864 5.760106323387864 0
1554094310 2 0 0 5.463659827332254 5.463659827332254 0
1554094350 0 0 0 5.191917836479406 5.191917836479406 0
1554094390 0 0 0 4.944072300915057 4.944072300915057 0
1554094430 0 0 0 4.719257074721506 4.719257074721506 0
1554094470 0 0 0 4.516570583861108 4.516570583861108 0
1554094510 0 0 0 4.335167702854572 4.335167702854572 0
1554094550 0 0 0 4.1741562053571055 4.1741562053571055 0
1554094590 0 0 0 4.032681965725835 4.032681965725835 0
1554094630 0 0 0 3.910143459395206 3.910143459395206 0
1554094670 0 0 0 3.80587759595608 3.80587759595608 0
1554094710 0 0 0 3.719313086353601 3.719313086353601 0
1554094750 0 0 0 3.6499812354047254 3.6499812354047254 0
1554094790 0 0 0 3.597525408702228 3.597525408702228 0
1554094830 0 0 0 3.5617095402893044 3.5617095402893044 0
1554094870 0 0 0 3.542425987065041 3.542425987065041 0
1554094910 3 0 0 3.5397030329509884 3.5397030329509884 0
1554094950 3 0 0 3.5536816476937156 3.5536816476937156 0
1554094990 1 0 0 3.5841880931473478 3.5841880931473478 0
1554095030 11 155 155 3.6321340874312718 3.6321340874312718 155
1554095070 1 0 0 3.6982181915579018 3.6982181915579018 0
1554095110 3 0 0 3.7832833908061567 3.7832833908061567 0
1554095150 0 0 0 3.888329473432096 3.888329473432096 0
1554095190 0 0 0 4.014548470018769 4.014548470018769 0
1554095230 0 0 0 4.163333524369855 4.163333524369855 0
1554095270 0 0 0 4.336287476070199 4.336287476070199 0
1554095310 0 0 0 4.49275004941074 4.535230738434094 0
1554095350 0 0 0 4.662741116697896 4.762207981810618 0
1554095390 0 0 0 4.857854577673624 5.01949302236235 0
1554095430 0 0 0 5.079829201443836 5.309591161415932 0
1554095470 1 0 0 5.330571841804973 5.635238142064214 0
1554095510 2 0 0 5.612151622122832 5.999394803948212 0
1554095550 1 0 0 5.926790208226013 6.405236366471391 0
1554095590 0 0 0 6.2768474708518305 6.856135258313294 0
1554095630 0 0 0 6.66480187208524 7.355636426797317 0
1554095670 0 0 0 7.093224862551882 7.880052968561406 0
1554095710 0 0 0 7.564748742959264 8.419056260001096 0
1554095750 0 0 0 8.082027575160614 9.008289845593673 0
1554095790 0 0 0 8.647690860452387 9.650703867912172 0
1554095830 0 0 0 9.264289999878693 10.34918076306594 0
1554095870 0 0 0 9.934237914096618 11.106473612142102 0
1554095910 0 0 0 10.659742395115627 11.925136939775166 0
1554095950 0 0 0 11.44273427978525 12.807450671207937 0
1554095990 0 0 0 12.284791937881597 13.75533835162774 0
1554096030 4 0 0 13.187063793448763 14.770280957988334 0
1554096070 0 0 0 14.15019112696777 15.853228245672401 0
1554096110 1 0 0 15.174233592758759 17.004509850765054 0
1554096150 0 0 0 16.258600083596065 18.22374871694289 0
1554096190 0 0 0 17.40198760066395 19.509779628282953 0
1554096230 0 0 0 18.60233091081494 20.86057600269829 0
1554096270 0 0 0 19.85676524649249 22.272998523326795 0
1554096310 0 0 0 21.16160422243564 23.743210160642317 0
1554096350 0 0 0 22.512334666631293 25.266337578506352 0
1554096390 0 0 0 23.903629226643417 26.835746766934655 0
1554096430 0 0 0 25.3293772165899 28.44173013341698 0
1554096470 3 0 0 26.782733516247987 30.079192550761725 0
1554096510 0 0 0 28.25448240081911 31.739278740917495 0
1554096550 1 0 0 29.731675315593723 33.41229775261558 0
1554096590 1 0 0 31.207066938149186 35.0878213163991 0
1554096630 0 0 0 32.67552092285095 36.7548015316768 0
1554096670 0 0 0 34.12783272447351 38.40170565977475 0
1554096711 0 0 0 35.58992683641656 40.0565259105193 0
1554096751 0 0 0 36.980933139832175 41.626241987849845 0
1554096791 0 0 0 38.32762614017418 43.13961595520529 0
1554096831 0 0 0 39.62098069523606 44.58476290210667 0
1554096871 0 0 0 40.852300541134056 45.95013487700386 0
1554096911 0 0 0 42.01331847743701 47.22468770200297 0
1554096951 0 0 0 43.08867049496436 48.39804075081392 0
1554096991 0 0 0 44.078019156054935 49.46062664362404 0
1554097031 0 0 0 44.97557471509926 50.40382816553727 0
1554097071 0 0 0 45.77565195815277 51.22010010585297 0
1554097111 0 0 0 46.47248446426941 51.903074268205906 0
1554097151 0 0 0 47.06293971274394 52.44764596927798 0
1554097191 0 0 0 47.54379479684476 52.85004104507081 0
1554097231 0 0 0 47.91268553247423 53.10786251490634 0
1554097271 0 0 0 48.16811551176972 53.22011644686674 0
1554097311 0 0 0 48.30945712257381 53.18721684171629 0
1554097351 0 0 0 48.33694508510204 53.010969685341145 0
1554097391 0 0 0 48.25166284640295 52.69453650502027 0
1554097431 0 0 0 48.055522214156035 52.24237817209004 0
1554097471 0 0 0 47.751236385737286 51.66017982970513 0
1554097511 0 0 0 47.342286512789144 50.9547582516665 0
1554097551 0 0 0 46.83288191379583 50.13395323625029 0
1554097591 0 0 0 46.22791387110675 49.20650477971744 0
1554097631 0 0 0 45.53290320300596 48.181918411701986 0
1554097671 0 0 0 44.75394165993815 47.0703210947686 0
1554097711 0 0 0 43.89762734449601 45.882310413130696 0
1554097751 1 0 0 42.970994592468024 44.62880015538293 0
1554097791 1 0 0 41.98143884875414 43.32086540371042 0
1554097831 2 0 0 40.936637170247394 41.969590203347316 0
1554097871 0 0 0 39.84446544614047 40.58592117842373 0
1554097911 0 0 0 38.712913421969176 39.18053003692907 0
1554097951 0 0 0 37.54999876799683 37.76368763349781 0
1554097991 0 0 0 36.3636818385921 36.3451522213589 0
1554098031 3 0 0 35.16178261139331 34.93407374760528 0
1554098071 4 0 0 33.95004365337958 33.53891556796496 0
1554098111 0 0 0 32.387669875970865 32.16739464937709 0
1554098151 0 0 0 30.868182571836194 30.82644048064069 0
1554098191 0 0 0 29.397782811010444 29.397782811010444 0
1554098231 0 0 0 27.98172164234076 27.98172164234076 0
1554098271 0 0 0 26.624323910272597 26.624323910272597 0
1554098311 0 0 0 25.329027334896672 25.329027334896672 0
1554098351 0 0 0 24.098435027660177 24.098435027660177 0
1554098391 0 0 0 22.934378801079813 22.934378801079813 0
1554098431 0 0 0 21.837990719320665 21.837990719320665 0
1554098471 0 0 0 20.809780570004257 20.809780570004257 0
1554098511 2 0 0 19.84971681195869 19.84971681195869 0
1554098551 4 0 0 18.957308758787267 18.957308758787267 0
1554098591 0 0 0 18.131688243068993 18.131688243068993 0
1554098631 0 0 0 17.371668841994687 17.371668841994687 0
1554098671 0 0 0 16.675757369291247 16.675757369291247 0
1554098711 0 0 0 16.04254464686272 16.04254464686272 0
1554098751 3 27 27 15.47040578900469 15.47040578900469 27
1554098791 3 0 0 14.957692076909542 14.957692076909542 0
1554098831 1 0 0 14.502785955932811 14.502785955932811 0
1554098871 0 0 0 14.10415038841966 14.10415038841966 0
1554098911 0 0 0 13.7603727650496 13.7603727650496 0
1554098951 0 0 0 13.470203806972869 13.470203806972869 0
1554098991 0 0 0 13.232591860490706 13.232591860490706 0
1554099031 0 0 0 13.046713063480041 13.046713063480041 0
1554099071 0 0 0 12.911997929691296 12.911997929691296 0
1554099111 0 0 0 12.828154787826266 12.828154787826266 0
1554099151 0 0 0 12.795190511773082 12.795190511773082 0
1554099191 0 0 0 12.81342889710207 12.81342889710207 0
1554099232 0 0 0 12.885951769551713 12.885951769551713 0
1554099272 0 0 0 13.010251458090512 13.010251458090512 0
1554099312 0 0 0 13.188818266958783 13.188818266958783 0
1554099352 0 0 0 13.42339568027945 13.42339568027945 0
1554099392 0 0 0 13.716104919115837 13.716104919115837 0
1554099432 0 0 0 14.06944958247943 14.06944958247943 0
1554099472 2 0 0 14.485942814678651 14.485942814678651 0
1554099512 0 0 0 14.968000301450317 14.968000301450317 0
1554099552 0 0 0 15.520510283309045 15.520510283309045 0
1554099592 2 0 0 16.061214786660646 16.14746442379091 0
1554099632 0 0 0 16.585918573391726 16.853187711725965 0
1554099672 0 0 0 17.179103831270574 17.642305442385883 0
1554099712 1 0 0 17.84396376844295 18.519699275885355 0
1554099752 1 0 0 18.583817573359536 19.490450984643168 0
1554099792 0 0 0 19.402057095259632 20.55977267052217 0
1554099832 4 0 26 20.302083196518744 21.732922260617034 0
1554099872 0 0 0 21.287231539080505 23.01510358142989 0
1554099912 0 0 0 22.360688000230365 24.41135086918279 0
1554099952 0 0 0 23.525394111078636 25.92639786213778 0
1554099992 0 0 0 24.783943643808595 27.56453260782948 0
1554100032 0 0 0 26.138472067528895 29.329439965017755 0
1554100072 0 0 0 27.590540959435973 31.043842456061014 0
1554100112 0 0 0 29.141020290135703 32.81387610652194 0
1554100152 0 0 0 30.78997212196838 34.69156622455839 0
1554100192 0 0 0 32.536539412007755 36.67627334422703 0
1554100232 0 0 0 34.37884421084237 38.766307850856265 0
1554100272 0 0 0 36.31389980002606 40.95882999315325 0
1554100312 0 0 0 38.337540779855246 43.24976392649674 0
1554100352 0 0 0 40.44437531505781 45.63372995496027 0
1554100392 0 0 0 42.62776289153375 48.10399853489213 0
1554100432 0 0 0 44.878192048369314 50.652469197203224 0
1554100472 0 0 0 47.1842744107448 53.26967679267834 0
1554100512 0 0 0 49.53885206668939 55.942422093991354 0
1554100552 0 0 0 51.930617977474164 58.658630116278374 0
1554100592 0 0 0 54.34735177079806 61.406407957290085 0
1554100632 0 0 0 56.77606798141266 64.1711070734409 0
1554100672 0 0 0 59.20318395939508 66.9380841985357 0
1554100712 0 0 0 61.61470267255715 69.69143831664739 0
1554100752 0 0 0 63.99640501660778 72.41473853743747 0
1554100792 4 0 0 66.3340456443385 75.09122559109363 0
1554100832 0 0 0 68.61354678679346 77.70402135549264 0
1554100872 5 0 0 70.82118498275442 80.23634154997478 0
1554100912 1 0 0 72.94376561842918 82.67170619242316 0
1554100952 0 0 0 74.96878153102108 84.99414344204509 0
1554100992 0 0 0 76.8845526939172 87.18838283571586 0
1554101032 7 0 0 78.66882927874282 89.24003408153578 0
1554101072 2 6 0 80.31912743128674 91.13574887419337 6
1554101112 0 0 0 81.8305640142548 92.86336374002411 0
1554101152 0 0 0 83.19583485008351 94.41202238653055 0
1554101192 0 0 0 84.40883493810246 95.77227700264476 0
1554101232 0 0 0 85.46466712686208 96.93616857424139 0
1554101272 0 0 0 86.35963322960522 97.89728636306948 0
1554101312 0 0 0 87.09121008980406 98.65080751340665 0
1554101352 0 0 0 87.65801307988369 99.19351782746217 0
1554101392 0 0 0 88.05974940077243 99.52381477640172 0
1554101432 0 0 0 88.29175975928489 99.64169410432261 0
1554101472 0 0 0 88.3532131464952 99.5487212443251 0
1554101512 0 0 0 88.25496943766674 99.24798868914202 0
1554101552 0 0 0 88.00019470377886 98.74406037794982 0
1554101592 0 0 0 87.59268511497497 98.04290410444179 0
1554101632 0 0 0 87.03860780794858 97.15181268940516 0
1554101672 0 0 0 86.34366622593848 96.07931478542105 0
1554101712 0 0 0 85.51414839966657 94.8350758540972 0
1554101753 0 0 0 84.53136145617954 93.39269321275482 0
1554101793 4 0 0 83.45068805784096 91.8343872600775 0
1554101833 1 0 0 82.25743334355091 90.13935546060515 0
1554101873 5 29 0 80.95966928227193 88.32066609709192 29
1554101913 0 0 0 79.56577973109265 86.39190651508937 0
1554101953 4 0 0 78.08441065721138 84.36704337934758 0
1554101993 5 0 0 76.52442054480588 82.26028042945596 0
1554102033 24 0 0 74.89483069921117 80.08591583989015 0
1554102073 39 39 0 73.20477493332304 77.85820104323008 39
1554102113 38 63 62 71.46344824411625 75.59120301631214 63
1554102153 47 18 22 69.68005457318537 73.29867254914461 18
1554102193 47 51 80 67.86375363105073 70.99392060901032 51
1554102233 25 28 32 66.0236068665266 68.53815742225038 28
1554102273 0 0 0 64.16852333059326 65.89113925557926 0
1554102313 25 0 0 62.30720590713532 63.28682581688074 0
1554102353 39 43 0 60.44809857860858 60.736134563235325 43
1554102393 41 152 152 58.24891362288083 58.24891362288083 152
1554102433 55 151 151 55.83391721466228 55.83391721466228 151
1554102473 0 0 0 53.4987990686579 53.4987990686579 0
1554102513 36 113 113 51.25012317409799 51.25012317409799 113
1554102553 43 251 251 49.09339099233107 49.09339099233107 251
1554102593 59 134 134 47.033083453482874 47.033083453482874 134
1554102633 47 109 109 45.07271642283786 45.07271642283786 109
1554102673 33 0 0 43.21490750668246 43.21490750668246 0
1554102713 0 0 0 41.461452010961004 41.461452010961004 0
1554102753 0 0 0 39.81340617195144 39.81340617195144 0
1554102793 0 0 0 38.27099743268168 38.27099743268168 0
1554102833 0 0 0 36.83413207505918 36.83413207505918 0
1554102873 0 0 0 35.502312977869536 35.502312977869536 0
1554102913 0 0 0 34.274540001939286 34.274540001939286 0
1554102953 0 0 0 33.149525841475665 33.149525841475665 0
1554102993 0 0 0 32.1257819270519 32.1257819270519 0
1554103033 0 0 0 31.20169991101823 31.20169991101823 0
1554103073 0 0 0 30.375627961460566 30.375627961460566 0
1554103113 0 0 0 29.645941502612672 29.645941502612672 0
1554103153 0 0 0 29.011108024248216 29.011108024248216 0
1554103193 0 0 0 28.469745788877077 28.469745788877077 0
1554103233 2 0 0 28.020676548132208 28.020676548132208 0
1554103273 0 0 0 27.662972292307536 27.662972292307536 0
1554103313 0 0 0 27.395996158315903 27.395996158315903 0
1554103353 0 0 0 27.219437716371786 27.219437716371786 0
1554103393 0 0 0 27.133342700206178 27.133342700206178 0
1554103433 0 0 0 27.138137253451035 27.138137253451035 0
1554103473 0 0 0 27.234646671743974 27.234646671743974 0
1554103513 0 0 0 27.424108465409226 27.424108465409226 0
1554103553 0 0 0 27.70817945976219 27.70817945976219 0
1554103593 0 0 0 28.08893646990975 28.08893646990975 0
1554103633 0 0 0 28.568869925912075 28.568869925912075 0
1554103673 0 0 0 29.150869713783297 29.150869713783297 0
1554103713 0 0 0 29.838202286065027 29.838202286065027 0
1554103753 0 0 0 30.634477945396647 30.634477945396647 0
1554103793 0 0 0 31.543607327752188 31.543607327752188 0
1554103833 0 0 0 32.56974577220858 32.56974577220858 0
1554103873 0 0 0 33.71722452747726 33.71722452747726 0
1554103913 0 0 0 34.990467890116136 34.990467890116136 0
1554103953 0 0 0 36.393895376792095 36.393895376792095 0
1554103993 0 0 0 37.61975145882453 37.93180856473855 0
1554104033 0 0 0 38.89552144731124 39.60826277152124 0
1554104073 0 0 0 40.284513906946586 41.426924014320925 0
1554104113 0 0 0 41.78809607643731 43.39091264887659 0
1554104153 0 0 0 43.407068050641826 45.50263600380566 0
1554104193 0 0 0 45.14154008343711 47.76361274402977 0
1554104233 0 0 0 46.99080880886584 50.17429300842852 0
1554104274 0 0 0 49.00372586505995 52.79976081477747 0
1554104314 0 0 0 51.07934261343857 55.509660115452974 0
1554104354 0 0 0 53.26148094844035 58.362330627589344 0
1554104394 0 0 0 55.54503195642174 61.35220436765661 0
1554104434 0 0 0 57.92358138506364 64.47187145863117 0
1554104474 0 0 0 60.389369812879785 67.71199700143485 0
1554104514 0 0 0 62.93328190847465 71.06127606017728 0
1554104554 0 0 0 65.54486801399646 74.50643205147952 0
1554104594 0 0 0 68.21239921164471 77.65820235253872 0
1554104634 0 0 0 70.92295695567292 80.72947091977707 0
1554104674 0 0 0 73.66255631462684 83.83073249458263 0
1554104714 0 0 0 76.416300268966 86.9463783132114 0
1554104754 0 0 0 79.16856158309828 90.05995783937453 0
1554104794 0 0 0 81.9031876048111 93.15435851170224 0
1554104834 0 0 0 84.60372178197171 96.21200337110342 0
1554104874 0 0 0 87.25363558152459 99.21506185990276 0
1554104914 0 0 0 89.83656418681011 102.1443860224635 0
1554104954 0 0 0 92.33653871511382 104.98290183979924 0
1554104994 0 0 0 94.7382086676751 107.71381104701183 0
1554105034 0 0 0 97.027048856298 110.3204603161375 0
1554105074 0 0 0 99.18954539830877 112.78700946918781 0
1554105114 4 0 0 101.21335693137506 115.09861143503007 0
1554105154 0 0 0 103.08744824495894 117.24157235094275 0
1554105194 0 0 0 104.80219421482168 119.20348911865152 0
1554105234 2 0 0 106.34945349478969 120.97336311249646 0
1554105274 0 0 0 107.72261237989744 122.54168949937008 0
1554105314 0 0 0 108.91659975652053 123.90052193551901 0
1554105354 0 0 0 109.92787523343048 125.04351355792919 0
1554105394 1 0 0 110.75439299745447 125.96593556970915 0
1554105434 0 0 0 111.39554415841417 126.66467490012688 0
1554105474 0 0 0 111.8327753435473 127.13821302969127 0
1554105514 0 0 0 112.0845192274128 127.38658812378165 0
1554105554 0 0 0 112.15665775616638 127.41134257525718 0
1554105594 0 0 0 112.05358188542098 127.21545822483542 0
1554105634 0 0 0 111.78062300316482 126.80328131863283 0
1554105674 0 0 0 111.34393375791487 126.18043913638047 0
1554105714 0 0 0 110.7503693953659 125.35375010114353 0
1554105754 0 0 0 110.00737185168485 124.33112882719158 0
1554105794 0 0 0 109.12285867494565 123.12148756011894 0
1554105834 0 0 0 108.09911974653839 121.73463505268606 0
1554105874 0 0 0 106.93983397612575 120.18117384990815 0
1554105914 0 0 0 105.66529342550508 118.47239671077226 0
1554105954 0 0 0 104.28442594561645 116.62018288137205 0
1554105994 0 0 0 102.80618764224756 114.63689451498577 0
1554106034 0 0 0 101.23950290509171 112.53527393560029 0
1554106074 0 0 0 99.59321390051835 110.32834204606714 0
1554106114 0 0 0 97.8760389030794 108.02929810490483 0
1554106154 0 0 0 96.09646428995244 105.65142160035832 0
1554106194 0 0 0 94.26240215645828 103.17261635327569 0
1554106234 0 0 0 92.38270870297787 100.18035178800679 0
1554106274 0 0 0 90.46532852190218 97.16095259002172 0
1554106314 0 0 0 88.5179802584144 94.12879481860432 0
1554106354 0 0 0 86.54815053247823 91.09762526299632 0
1554106394 0 0 0 84.5630903244534 88.08049620278116 0
1554106434 0 0 0 82.56981280195777 85.08970911657684 0
1554106474 0 0 0 80.57509167099695 82.13676740661397 0
1554106514 0 0 0 78.58545971315135 79.23233884512442 0
1554106554 0 0 0 76.38622775160113 76.38622775160113 0
1554106594 0 0 0 73.60735685007093 73.60735685007093 0
1554106634 0 0 0 70.90375929422746 70.90375929422746 0
1554106674 0 0 0 68.2825805722694 68.2825805722694 0
1554106714 0 0 0 65.75008991413311 65.75008991413311 0
1554106754 0 0 0 63.311701238704096 63.311701238704096 0
1554106795 0 0 0 60.91480941815805 60.91480941815805 0
1554106835 2 0 0 58.67998395273239 58.67998395273239 0
1554106875 0 0 0 56.55071185819672 56.55071185819672 0
1554106915 0 0 0 54.52940621149419 54.52940621149419 0
1554106955 2 0 0 52.61778682074094 52.61778682074094 0
1554106995 0 0 0 50.817002776918976 50.817002776918976 0
1554107035 0 0 0 49.12769759638588 49.12769759638588 0
1554107075 0 0 0 47.550076529665525 47.550076529665525 0
1554107115 2 0 0 46.08397486431402 46.08397486431402 0
1554107155 3 3 3 44.728926454298836 44.728926454298836 3
1554107195 5 23 23 43.48423139898148 43.48423139898148 23
1554107235 0 0 0 42.349021951809725 42.349021951809725 0
1554107275 0 0 0 41.322326114747895 41.322326114747895 0
1554107315 0 0 0 40.40312816592305 40.40312816592305 0
1554107355 3 0 0 39.59042553335046 39.59042553335046 0
1554107395 0 0 0 38.883281724898055 38.883281724898055 0
1554107435 0 0 0 38.280874860602545 38.280874860602545 0
1554107475 0 0 0 37.782541481127836 37.782541481127836 0
1554107515 0 0 0 37.38781547895137 37.38781547895137 0
1554107555 0 0 0 37.096461851745815 37.096461851745815 0
1554107595 0 0 0 36.908505030421736 36.908505030421736 0
1554107635 0 0 0 36.82425158414709 36.82425158414709 0
1554107675 0 0 0 36.84430694853671 36.84430694853671 0
1554107715 0 0 0 36.969585827925094 36.969585827925094 0
1554107755 0 0 0 37.20131584255646 37.20131584255646 0
1554107795 0 0 0 37.541033875973376 37.541033875973376 0
1554107835 0 0 0 37.99057454979352 37.99057454979352 0
1554107875 0 0 0 38.552050106435104 38.552050106435104 0
1554107915 0 0 0 39.22782097768295 39.22782097768295 0
1554107955 0 0 0 40.02045626020687 40.02045626020687 0
1554107995 0 0 0 40.932683326365726 40.932683326365726 0
1554108035 0 0 0 41.96732581266837 41.96732581266837 0
1554108075 0 0 0 43.12722950260407 43.12722950260407 0
1554108115 0 0 0 44.41517556502853 44.41517556502853 0
1554108155 0 0 0 45.83378107431066 45.83378107431066 0
1554108195 0 0 0 47.38538717514719 47.38538717514719 0
1554108235 0 0 0 49.071935422333965 49.071935422333965 0
1554108275 0 0 0 50.894833634115884 50.894833634115884 0
1554108315 0 0 0 52.854813301082835 52.854813301082835 0
1554108355 0 0 0 54.95178089357211 54.95178089357211 0
1554108395 0 0 0 57.18466645417816 57.18466645417816 0
1554108435 0 0 0 59.5512736458133 59.5512736458133 0
1554108475 0 0 0 61.74303772921314 62.04813557447323 0
1554108515 0 0 0 63.76415986965549 64.67038166429819 0
1554108555 0 0 0 65.8744118995981 67.41162128373958 0
1554108595 0 0 0 68.06656053118972 70.26384939206731 0
1554108635 0 0 0 70.33216432978197 73.21737986322107 0
1554108675 0 0 0 72.6615700576475 76.26081177982134 0
1554108715 0 0 0 75.04393718419723 79.38103261934359 0
1554108755 0 0 0 77.46729262419385 82.56326181799851 0
1554108795 0 0 0 79.91861676773006 85.79113695963366 0
1554108835 0 0 0 82.38396015007316 89.04684263803135 0
1554108875 0 0 0 84.84858939024451 92.31128108541182 0
1554108915 0 0 0 87.297159794536 95.56428201461988 0
1554108955 0 0 0 89.7139103430764 98.78484681823319 0
1554108995 0 0 0 92.0828763130759 101.95142153426377 0
1554109035 0 0 0 94.38811401104844 105.04219180085968 0
1554109075 0 0 0 96.61393105505384 108.0353914607152 0
1554109115 0 0 0 98.74511595716905 110.9096166890295 0
1554109155 0 0 0 100.76716079234126 113.64413734497599 0
1554109195 0 0 0 102.66647071715737 116.21919701659384 0
1554109235 0 0 0 104.43055488486534 118.61629404781236 0
1554109275 0 0 0 106.04819457662884 120.81843741295489 0
1554109316 0 0 0 107.54404220666513 122.8573565469974 0
1554109356 0 0 0 108.83669614631953 124.30584728965867 0
1554109396 0 0 0 109.95799957366049 125.5282552982448 0
1554109436 0 0 0 110.90297478700568 126.55114537807644 0
1554109476 0 0 0 111.66831694688167 127.36988324398675 0
1554109516 0 0 0 112.25238100494212 127.98145329563704 0
1554109556 0 0 0 112.65514050576097 128.384446292944 0
1554109596 0 0 0 112.87812068353651 128.57902518923865 0
1554109636 0 0 0 112.92430892080898 128.566871238211 0
1554109676 0 0 0 112.7980458818527 128.35111264803027 0
1554109716 0 0 0 112.50490082622677 127.93623821630341 0
1554109756 0 0 0 112.0476993840023 127.32799854354587 0
1554109796 0 0 0 111.41674907305602 126.53329732294353 0
1554109836 0 0 0 110.64157030147472 125.5600752705131 0
1554109876 0 0 0 109.7313703130077 124.41718911900723 0
1554109916 28 0 91 108.6958448169074 123.11428781180463 0
1554109956 16 109 3 107.54503053780408 121.66168813192357 109
1554109996 0 0 0 106.28916490803346 119.84215333942996 0
1554110036 0 0 0 104.93855494165601 117.78294140790865 0
1554110076 0 0 0 103.5034573869894 115.59009987071053 0
1554110116 0 0 0 101.98218076588005 113.27891661596321 0
1554110156 0 0 0 100.38988018804329 110.8646387529513 0
1554110196 0 0 0 98.7434521037407 108.36233703084424 0
1554110236 0 0 0 97.05207555316454 105.78678501984318 0
1554110276 0 0 0 95.32446976389473 103.15235318196603 0
1554110316 0 0 0 93.5688566991563 100.47291821136866 0
1554110356 2 0 0 91.79293669922004 97.76178713536937 0
1554110396 13 0 0 90.0038761089493 95.0316354185984 0
1554110436 10 0 0 88.20830596730454 92.29445866877985 0
1554110476 13 0 0 86.41233032571057 89.56153681959718 0
1554110516 6 0 0 84.62154266944549 86.84340955205509 0
1554110556 0 0 0 82.84104925905146 84.1498622425957 0
1554110596 0 0 0 81.07549784125453 81.48992114020324 0
1554110636 0 0 0 78.87185646067124 78.87185646067124 0
1554110676 0 0 0 76.30319275490837 76.30319275490837 0
1554110716 0 0 0 73.79072533429658 73.79072533429658 0
1554110756 0 0 0 71.34054170683834 71.34054170683834 0
1554110796 0 0 0 68.9580475331792 68.9580475331792 0
1554110836 13 0 0 66.64799621465586 66.64799621465586 0
1554110876 9 0 0 64.41452129424832 64.41452129424832 0
1554110916 3 0 0 62.261171457396884 62.261171457396884 0
1554110956 9 0 0 60.190947479299645 60.190947479299645 0
1554110996 6 0 0 58.206340542044174 58.206340542044174 0
1554111036 2 0 0 56.30937188427979 56.30937188427979 0
1554111076 7 0 0 54.5016332723534 54.5016332723534 0
1554111116 5 0 0 52.78432790981356 52.78432790981356 0
1554111156 1 0 0 51.15831176700652 51.15831176700652 0
1554111196 2 0 0 49.62413495722169 49.62413495722169 0
1554111236 4 56 56 48.18208280910214 48.18208280910214 56
1554111276 0 0 0 46.83221666616215 46.83221666616215 0
1554111316 0 0 0 45.574413992055305 45.574413992055305 0
1554111356 0 0 0 44.40840764475884 44.40840764475884 0
1554111396 0 0 0 43.3338240970964 43.3338240970964 0
1554111436 0 0 0 42.35022043629684 42.35022043629684 0
1554111476 0 0 0 41.45711981424683 41.45711981424683 0
1554111516 2 0 0 40.65404530764261 40.65404530764261 0
1554111556 0 0 0 39.94055189584775 39.94055189584775 0
1554111596 1 0 0 39.31625630077222 39.31625630077222 0
1554111636 1 20 20 38.78086459857841 38.78086459857841 20
1554111676 0 0 0 38.33419729896288 38.33419729896288 0
1554111716 2 0 0 37.976211635046496 37.976211635046496 0
1554111756 0 0 0 37.70702087655594 37.70702087655594 0
1554111796 1 0 0 37.526910320758766 37.526910320758766 0
1554111837 0 0 0 37.435238288537754 37.435238288537754 0
1554111877 0 0 0 37.437155352818124 37.437155352818124 0
1554111917 0 0 0 37.530167728705955 37.530167728705955 0
1554111957 0 0 0 37.71533502019928 37.71533502019928 0
1554111997 0 0 0 37.99390599214094 37.99390599214094 0
1554112037 0 0 0 38.36730614750141 38.36730614750141 0
1554112077 5 0 0 38.837118751110054 38.837118751110054 0
1554112117 2 0 0 39.40505873187281 39.40505873187281 0
1554112157 0 0 0 40.07293880116105 40.07293880116105 0
1554112197 0 0 0 40.84262725450009 40.84262725450009 0
1554112237 0 0 0 41.7159969352498 41.7159969352498 0
1554112277 0 0 0 42.69486498202512 42.69486498202512 0
1554112317 2 0 0 43.780923086073976 43.780923086073976 0
1554112357 10 0 0 44.97565838099619 44.97565838099619 0
1554112397 2 0 0 46.28026511103248 46.28026511103248 0
1554112437 8 0 0 47.69554777483448 47.69554777483448 0
1554112477 7 0 0 49.22181691575663 49.22181691575663 0
1554112517 7 0 0 50.858778898887806 50.858778898887806 0
1554112557 7 0 0 52.605421775231115 52.605421775231115 0
1554112597 5 0 0 54.4598999298935 54.4598999298935 0
1554112637 3 0 0 56.41942033819407 56.41942033819407 0
1554112677 0 0 0 58.47991136911568 58.47991136911568 0
1554112717 3 0 0 60.63652359016409 60.63652359016409 0
1554112757 0 0 0 62.88308115925391 62.88308115925391 0
1554112797 3 0 0 65.2120356215654 65.2120356215654 0
1554112837 14 0 0 67.61448447085573 67.61448447085573 0
1554112877 10 0 0 70.08015098691764 70.08015098691764 0
1554112917 4 0 0 72.59739351493953 72.59739351493953 0
1554112957 16 0 0 75.15324714160441 75.15324714160441 0
1554112997 19 0 0 77.73349923392546 77.73349923392546 0
1554113037 0 0 0 80.32279973736242 80.32279973736242 0
1554113077 0 0 0 82.62947113804377 82.90480590459153 0
1554113117 0 0 0 84.55702581843504 85.4623592790944 0
1554113157 0 0 0 86.4419302608188 87.97769201098926 0
1554113197 0 0 0 88.27032607419602 90.43265838383256 0
1554113237 4 0 0 90.02845275411588 92.8089858009454 0
1554113277 0 0 0 91.70285122693474 95.08853920083052 0
1554113317 0 0 0 93.28056861904032 97.25359223330219 0
1554113357 0 0 0 94.7490024279422 99.2867416442796 0
1554113397 0 0 0 96.09671740207953 101.17179650143895 0
1554113437 0 0 0 97.31377422813927 102.89417950258581 0
1554113477 0 0 0 98.39113206345793 104.44040062927645 0
1554113517 0 0 0 99.32111402523908 105.79859050023201 0
1554113557 0 0 0 100.09751339121094 106.9586696591634 0
1554113597 0 0 0 100.71567096812663 107.912482779274 0
1554113637 0 0 0 101.17252243285648 108.65389545679415 0
1554113677 0 0 0 101.46661526225355 109.17885230144373 0
1554113717 0 0 0 101.59809562339416 109.48539598298488 0
1554113757 0 0 0 101.56866657641257 109.5736482343531 0
1554113797 0 0 0 101.38151953324967 109.44575462078029 0
1554113837 0 0 0 101.04124155858761 109.10579576375278 0
1554113877 0 0 0 100.55370162056742 108.55966849150563 0
1554113917 0 0 0 99.92591921559736 107.81494088875525 0
1554113957 4 0 0 99.16591913863347 106.8806857392275 0
1554113997 5 0 0 98.28257626551266 105.76729710457674 0
1554114037 0 0 0 97.27322145780805 104.48629480590095 0
1554114077 0 0 0 96.14834293488164 103.05012178943724 0
1554114117 0 0 0 94.93045640408266 101.47193907674917 0
1554114157 5 0 0 93.63036513702892 99.76542258656053 0
1554114197 4 24 0 92.25891804723986 97.94456614518394 24
1554114237 3 41 0 90.82686888866586 96.02349418504926 41
1554114277 2 0 0 89.34474810686702 94.01628711819934 0
1554114317 0 0 0 87.82274918781789 91.93682210328998 0
1554114358 4 0 0 86.22518747997297 89.74453795760563 0
1554114398 5 0 0 84.63426282855713 87.55970492051792 0
1554114438 1 0 0 83.03225455463861 85.34200287261552 0
1554114478 2 0 0 81.42721903069791 83.10324622120268 0
1554114518 0 0 0 79.82653666645113 80.8545240871257 0
1554114558 1 0 0 78.23689438252705 78.60615306591082 0
1554114598 2 0 0 76.36764728700777 76.36764728700777 0
1554114638 1 0 0 74.14770415692732 74.14770415692732 0
1554114678 2 0 0 71.95420401501845 71.95420401501845 0
1554114718 0 0 0 69.79422225173084 69.79422225173084 0
1554114758 0 0 0 67.67405190422971 67.67405190422971 0
1554114798 0 0 0 65.59923475945786 65.59923475945786 0
1554114838 1 0 0 63.57459950530207 63.57459950530207 0
1554114878 1 0 0 61.60430512105472 61.60430512105472 0
1554114918 0 0 0 59.69188781771497 59.69188781771497 0
1554114958 0 0 0 57.84031046834487 57.84031046834487 0
1554114998 0 0 0 56.05201315037926 56.05201315037926 0
1554115038 11 0 0 54.328963668520544 54.328963668520544 0
1554115078 12 31 31 52.67270746985931 52.67270746985931 31
1554115118 0 0 0 51.084416128276615 51.084416128276615 0
1554115158 0 0 0 49.564933771536836 49.564933771536836 0
1554115198 0 0 0 48.114821307705384 48.114821307705384 0
1554115238 1 0 0 46.7343980822382 46.7343980822382 0
1554115278 3 0 0 45.42378072026739 45.42378072026739 0
1554115318 5 0 0 44.182919328636245 44.182919328636245 0
1554115358 0 0 0 43.01163095409223 43.01163095409223 0
1554115398 3 0 0 41.909630315087504 41.909630315087504 0
1554115438 2 0 0 40.87655810619934 40.87655810619934 0
1554115478 3 0 0 39.91200693309562 39.91200693309562 0
1554115518 0 0 0 39.01554494346771 39.01554494346771 0
1554115558 2 0 0 38.18673757316262 38.18673757316262 0
1554115598 0 0 0 37.425167354447574 37.425167354447574 0
1554115638 0 0 0 36.73045198717062 36.73045198717062 0
1554115678 0 0 0 36.10226088858069 36.10226088858069 0
1554115718 0 0 0 35.540330254039084 35.540330254039084 0
1554115758 0 0 0 35.04447667620574 35.04447667620574 0
1554115798 0 0 0 34.61460944993985 34.61460944993985 0
1554115838 0 0 0 34.25074150799178 34.25074150799178 0
1554115878 0 0 0 33.95299893089611 33.95299893089611 0
1554115918 4 0 0 33.72162900912034 33.72162900912034 0
1554115958 2 0 0 33.55700669461825 33.55700669461825 0
1554115998 1 0 0 33.45963925901572 33.45963925901572 0
1554116038 0 0 0 33.43016897872589 33.43016897872589 0
1554116078 4 0 0 33.46937354499803 33.46937354499803 0
1554116118 8 0 0 33.578163904414936 33.578163904414936 0
1554116158 0 0 0 33.757579165517484 33.757579165517484 0
1554116198 0 0 0 34.00877816500446 34.00877816500446 0
1554116238 0 0 0 34.33302727685445 34.33302727685445 0
1554116278 0 0 0 34.73168397848988 34.73168397848988 0
1554116318 0 0 0 35.20617569097453 35.20617569097453 0
1554116358 0 0 0 35.75797345870041 35.75797345870041 0
1554116398 0 0 0 36.38855995100585 36.38855995100585 0
1554116438 0 0 0 37.099391388067204 37.099391388067204 0
1554116478 0 0 0 37.89185311293021 37.89185311293021 0
1554116518 0 0 0 38.7672084922476 38.7672084922476 0
1554116558 0 0 0 39.7265411032092 39.7265411032092 0
1554116598 0 0 0 40.770690397811364 40.770690397811364 0
1554116638 0 0 0 41.90018107701294 41.90018107701294 0
1554116678 0 0 0 43.11514685355903 43.11514685355903 0
1554116718 0 0 0 44.41524965869892 44.41524965869892 0
1554116758 0 0 0 45.79936986110956 45.79936986110956 0
1554116798 0 0 0 47.26614742938112 47.26614742938112 0
1554116838 0 0 0 48.81335067845578 48.81335067845578 0
1554116879 2 5 5 50.47947999750367 50.47947999750367 5
1554116919 0 0 0 52.1792074093341 52.1792074093341 0
1554116959 0 0 0 53.947281018697105 53.947281018697105 0
1554116999 0 0 0 55.77775105296443 55.77775105296443 0
1554117039 0 0 0 57.66361466042989 57.66361466042989 0
1554117079 0 0 0 59.59679327082983 59.59679327082983 0
1554117119 0 0 0 61.56813138527593 61.56813138527593 0
1554117159 0 0 0 63.56741907366784 63.56741907366784 0
1554117199 0 0 0 65.58344028335631 65.58344028335631 0
1554117239 0 0 0 67.60404837351105 67.60404837351105 0
1554117279 0 0 0 69.61626899426086 69.61626899426086 0
1554117319 0 0 0 71.60642991484966 71.60642991484966 0
1554117359 0 0 0 73.56031640494632 73.56031640494632 0
1554117399 0 0 0 75.46334932595386 75.46334932595386 0
1554117439 0 0 0 77.30078257994046 77.30078257994046 0
1554117479 0 0 0 79.05791566736454 79.05791566736454 0
1554117519 0 0 0 80.72031600058405 80.72031600058405 0
1554117559 0 0 0 82.27404549557012 82.27404549557012 0
1554117599 0 0 0 83.70588563587641 83.70588563587641 0
1554117639 0 0 0 85.00355471689957 85.00355471689957 0
1554117679 0 0 0 86.1559116296846 86.1559116296846 0
1554117719 0 0 0 87.15314057200928 87.15314057200928 0
1554117759 0 0 0 87.9869118118218 87.9869118118218 0
1554117799 0 0 0 88.65051425337317 88.65051425337317 0
1554117839 0 0 0 89.13895661721416 89.13895661721416 0
1554117879 0 0 0 89.44903477641598 89.44903477641598 0
1554117919 0 0 0 89.57936402879692 89.57936402879692 0
1554117959 0 0 0 89.5297315127489 89.5297315127489 0
1554117999 0 0 0 89.30277755679634 89.30277755679634 0
1554118039 0 0 0 88.90262908584445 88.90262908584445 0
1554118079 0 0 0 88.33482616127428 88.33482616127428 0
1554118119 0 0 0 87.60638892642966 87.60638892642966 0
1554118159 0 0 0 86.72566710539408 86.72566710539408 0
1554118199 0 0 0 85.70217115528104 85.70217115528104 0
1554118239 2 0 0 84.54638996090269 84.54638996090269 0
1554118279 0 0 0 83.26959997410847 83.26959997410847 0
1554118319 1 0 0 81.88367059592966 81.88367059592966 0
1554118359 1 0 0 80.40087068096334 80.40087068096334 0
1554118399 0 0 0 78.83368051534866 78.83368051534866 0
1554118439 3 0 0 77.19461306929723 77.19461306929723 0
1554118479 4 0 0 75.49604816241762 75.49604816241762 0
1554118519 0 0 0 73.75008220831866 73.75008220831866 0
1554118559 0 0 0 71.9683955389265 71.9683955389265 0
1554118599 3 0 0 70.16213898470944 70.16213898470944 0
1554118639 1 0 0 68.34184037149744 68.34184037149744 0
1554118679 2 0 0 66.51733094349524 66.51733094349524 0
1554118719 1 0 0 64.69769154487747 64.69769154487747 0
1554118759 1 0 0 62.89121753140349 62.89121753140349 0
1554118799 0 0 0 61.10540094077 61.10540094077 0
1554118839 0 0 0 59.34692858286456 59.34692858286456 0
1554118879 0 0 0 57.621693968085665 57.621693968085665 0
1554118919 0 0 0 55.9348211760823 55.9348211760823 0
1554118959 0 0 0 54.29069862572089 54.29069862572089 0
1554118999 0 0 0 52.693020804575696 52.693020804575696 0
1554119039 0 0 0 51.144835851210075 51.144835851210075 0
1554119079 0 0 0 49.648597450105115 49.648597450105115 0
1554119119 0 0 0 48.20621930604135 48.20621930604135 0
1554119159 0 0 0 46.81913065701587 46.81913065701587 0
1554119199 0 0 0 45.48833182878793 45.48833182878793 0
1554119239 0 0 0 44.21444867772207 44.21444867772207 0
1554119279 1 0 0 42.99778502177998 42.99778502177998 0
1554119319 0 0 0 41.83837260889929 41.83837260889929 0
1554119359 1 0 0 40.736018050077675 40.736018050077675 0
1554119400 0 0 0 39.66492656385581 39.66492656385581 0
1554119440 0 0 0 38.676817676513224 38.676817676513224 0
1554119480 0 0 0 37.74423678873923 37.74423678873923 0
1554119520 0 0 0 36.86648859916203 36.86648859916203 0
1554119560 0 0 0 36.04283564757247 36.04283564757247 0
1554119600 0 0 0 35.27252434242616 35.27252434242616 0
1554119640 0 0 0 34.554807853934 34.554807853934 0
1554119680 0 0 0 33.88896605542515 33.88896605542515 0
1554119720 0 0 0 33.27432286114076 33.27432286114076 0
1554119760 0 0 0 32.71026111199169 32.71026111199169 0
1554119800 0 0 0 32.1962352778135 32.1962352778135 0
1554119840 0 0 0 31.731782199545393 31.731782199545393 0
1554119880 0 0 0 31.316530099435724 31.316530099435724 0
1554119920 0 0 0 30.950205988007248 30.950205988007248 0
1554119960 0 0 0 30.632641704324676 30.632641704324676 0
1554120000 0 0 0 30.363778671743805 30.363778671743805 0
1554120040 0 0 0 30.143671455126206 30.143671455126206 0
1554120080 0 0 0 29.97249022411154 29.97249022411154 0
1554120120 4 0 0 29.85052211364117 29.85052211364117 0
1554120160 2 0 0 29.778171461940524 29.778171461940524 0
1554120200 0 0 0 29.75595889229486 29.75595889229486 0
1554120240 0 0 0 29.784519121382488 29.784519121382488 0
1554120280 0 0 0 29.864597358895423 29.864597358895423 0
1554120320 0 0 0 29.99704412370557 29.99704412370557 0
1554120360 0 0 0 30.18280824313077 30.18280824313077 0
1554120400 0 0 0 30.422927799474536 30.422927799474536 0
1554120440 0 0 0 30.71851871475814 30.71851871475814 0
1554120480 0 0 0 31.07076065699389 31.07076065699389 0
1554120520 0 0 0 31.480879964021483 31.480879964021483 0
1554120560 0 0 0 31.95012919754938 31.95012919754938 0
1554120600 0 0 0 32.479762999600524 32.479762999600524 0
1554120640 0 0 0 33.07100997430199 33.07100997430199 0
1554120680 0 0 0 33.72504024859146 33.72504024859146 0
1554120720 0 0 0 34.442928514432865 34.442928514432865 0
1554120760 0 0 0 35.225612480633544 35.225612480633544 0
1554120800 0 0 0 36.07384662416699 36.07384662416699 0
1554120840 0 0 0 36.98815140564384 36.98815140564384 0
1554120880 0 0 0 37.96875832793655 37.96875832793655 0
1554120920 0 0 0 39.01540007392439 39.01540007392439 0
1554120960 0 0 0 40.12764962196261 40.12764962196261 0
1554121000 0 0 0 41.30454421987604 41.30454421987604 0
1554121040 0 0 0 42.5445474998919 42.5445474998919 0
1554121080 0 0 0 43.845522597764486 43.845522597764486 0
1554121120 0 0 0 45.20467144123051 45.20467144123051 0
1554121160 0 0 0 46.61847865243546 46.61847865243546 0
1554121200 0 0 0 48.08266237561131 48.08266237561131 0
1554121240 0 0 0 49.592134511869226 49.592134511869226 0
1554121280 0 0 0 51.140972586641695 51.140972586641695 0
1554121320 0 0 0 52.72240573012809 52.72240573012809 0
1554121360 0 0 0 54.328817131310394 54.328817131310394 0
1554121400 0 0 0 55.951764713954134 55.951764713954134 0
1554121440 0 0 0 57.58202172168413 57.58202172168413 0
1554121480 0 0 0 59.20963841892599 59.20963841892599 0
1554121520 0 0 0 60.824025132543866 60.824025132543866 0
1554121560 0 0 0 62.41405653276056 62.41405653276056 0
1554121600 0 0 0 63.968196281526254 63.968196281526254 0
1554121640 0 0 0 65.47464006186175 65.47464006186175 0
1554121680 0 0 0 66.92147457779652 66.92147457779652 0
1554121720 0 0 0 68.296849389591 68.296849389591 0
1554121760 0 0 0 69.58915749114792 69.58915749114792 0
1554121800 0 0 0 70.7872203741196 70.7872203741196 0
1554121840 0 0 0 71.88047292501443 71.88047292501443 0
1554121880 0 0 0 72.85914304867299 72.85914304867299 0
1554121921 0 0 0 73.7341531505273 73.7341531505273 0
1554121961 3 0 0 74.45498213199637 74.45498213199637 0
1554122001 4 0 0 75.03814385118112 75.03814385118112 0
1554122041 1 0 0 75.47859989725187 75.47859989725187 0
1554122081 2 0 0 75.77276554205599 75.77276554205599 0
1554122121 1 0 0 75.9185669163179 75.9185669163179 0
1554122161 0 0 0 75.91546812662078 75.91546812662078 0
1554122201 0 0 0 75.76446781734683 75.76446781734683 0
1554122241 0 0 0 75.46806554496716 75.46806554496716 0
1554122281 3 0 0 75.03019925127246 75.03019925127246 0
1554122321 0 0 0 74.45615599200191 74.45615599200191 0
1554122361 0 0 0 73.75245874703594 73.75245874703594 0
1554122401 0 0 0 72.92673288300105 72.92673288300105 0
1554122441 0 0 0 71.9871291021601 71.9871291021601 0
1554122481 1 0 0 70.94327098816667 70.94327098816667 0
1554122521 2 0 0 69.80534797860763 69.80534797860763 0
1554122561 1 0 0 68.5838049415831 68.5838049415831 0
1554122601 2 0 0 67.28936333625012 67.28936333625012 0
1554122641 2 0 0 65.93285561873918 65.93285561873918 0
1554122681 5 0 0 64.52506882768266 64.52506882768266 0
1554122721 4 0 0 63.0766003447201 63.0766003447201 0
1554122761 0 0 0 61.59772854542924 61.59772854542924 0
1554122801 10 0 0 60.098300131793266 60.098300131793266 0
1554122841 10 0 0 58.587635235957286 58.587635235957286 0
1554122881 1 0 0 57.07445109706452 57.07445109706452 0
1554122921 1 92 92 55.566804167093274 55.566804167093274 92
1554122961 0 0 0 54.07204999977737 54.07204999977737 0
1554123001 1 0 0 52.596820103847406 52.596820103847406 0
1554123041 0 0 0 51.147014293447214 51.147014293447214 0
1554123081 0 0 0 49.72780676791809 49.72780676791809 0
1554123121 0 0 0 48.343664329583824 48.343664329583824 0
1554123161 0 0 0 46.9983746392911 46.9983746392911 0
1554123201 0 0 0 45.6950826518318 45.6950826518318 0
1554123241 0 0 0 44.43633334787632 44.43633334787632 0
1554123281 0 0 0 43.224119051064264 43.224119051064264 0
1554123321 0 0 0 42.05992957526632 42.05992957526632 0
1554123361 0 0 0 40.94480395935153 40.94480395935153 0
1554123401 0 0 0 39.87938245977045 39.87938245977045 0
1554123441 0 0 0 38.86395768403798 38.86395768403798 0
1554123481 0 0 0 37.898524191651674 37.898524191651674 0
1554123521 0 0 0 36.982825810197646 36.982825810197646 0
1554123561 0 0 0 36.11640012620645 36.11640012620645 0
1554123601 0 0 0 35.29861995277626 35.29861995277626 0
1554123641 0 0 0 34.52873149387754 34.52873149387754 0
1554123681 0 0 0 33.80588906346665 33.80588906346665 0
1554123721 0 0 0 33.12918647398695 33.12918647398695 0
1554123761 0 0 0 32.49768510092902 32.49768510092902 0
1554123801 0 0 0 31.910438702792973 31.910438702792973 0
1554123841 0 0 0 31.366515261703633 31.366515261703633 0
1554123881 0 0 0 30.865015973113003 30.865015973113003 0
1554123921 0 0 0 30.405091561142648 30.405091561142648 0
1554123961 0 0 0 29.985956206005742 29.985956206005742 0
1554124001 0 0 0 29.60689924595909 29.60689924595909 0
1554124041 0 0 0 29.267294832286034 29.267294832286034 0
1554124081 0 0 0 28.966609785959708 28.966609785959708 0
1554124121 0 0 0 28.704409794841542 28.704409794841542 0
1554124161 0 0 0 28.48036408996444 28.48036408996444 0
1554124201 0 0 0 28.29424878225922 28.29424878225922 0
1554124241 0 0 0 28.145948942556117 28.145948942556117 0
1554124281 5 28 28 28.035459510358578 28.035459510358578 28
1554124321 26 0 0 27.962885123627927 27.962885123627927 0
1554124361 19 42 42 27.928438887282805 27.928438887282805 42
1554124401 27 0 0 27.932440102408364 27.932440102408364 0
1554124442 7 0 0 27.976885032748505 27.976885032748505 0
1554124482 3 0 0 28.060138369461384 28.060138369461384 0
1554124522 0 0 0 28.183411931352328 28.183411931352328 0
1554124562 4 0 0 28.347407297292015 28.347407297292015 0
1554124602 2 0 0 28.552903627998354 28.552903627998354 0
1554124642 0 0 0 28.80074786499816 28.80074786499816 0
1554124682 2 0 0 29.091843216439575 29.091843216439575 0
1554124722 0 0 0 29.427135763251613 29.427135763251613 0
1554124762 0 0 0 29.80759894774345 29.80759894774345 0
1554124802 0 0 0 30.234215743182027 30.234215743182027 0
1554124842 0 0 0 30.707958332567607 30.707958332567607 0
1554124882 0 0 0 31.229765046756363 31.229765046756363 0
1554124922 0 0 0 31.800514409890372 31.800514409890372 0
1554124962 0 0 0 32.42099621109019 32.42099621109019 0
1554125002 0 0 0 33.09187945237721 33.09187945237721 0
1554125042 0 0 0 33.81367720670157 33.81367720670157 0
1554125082 0 0 0 34.58670853959234 34.58670853959234 0
1554125122 0 0 0 35.411012719624566 35.411012719624566 0
1554125162 0 0 0 36.28633902275899 36.28633902275899 0
1554125202 0 0 0 37.21225881904954 37.21225881904954 0
1554125242 0 0 0 38.187883913409166 38.187883913409166 0
1554125282 0 0 0 39.21190942944352 39.21190942944352 0
1554125322 0 0 0 40.28256760587002 40.28256760587002 0
1554125362 0 0 0 41.39758346181647 41.39758346181647 0
1554125402 0 0 0 42.55413366688573 42.55413366688573 0
1554125442 0 0 0 43.74881028478557 43.74881028478557 0
1554125482 0 0 0 44.97759087380444 44.97759087380444 0
1554125522 0 0 0 46.235816729032514 46.235816729032514 0
1554125562 0 0 0 47.518181086232794 47.518181086232794 0
1554125602 0 0 0 48.81872876712238 48.81872876712238 0
1554125642 0 0 0 50.13086887103868 50.13086887103868 0
1554125682 0 0 0 51.44740190732463 51.44740190732463 0
1554125722 0 0 0 52.759941870342075 52.759941870342075 0
1554125762 0 0 0 54.05987684210401 54.05987684210401 0
1554125802 0 0 0 55.33992555132773 55.33992555132773 0
1554125842 0 0 0 56.591041531202464 56.591041531202464 0
1554125882 0 0 0 57.8039349302685 57.8039349302685 0
1554125922 0 0 0 58.96919082535949 58.96919082535949 0
1554125962 0 0 0 60.07739878506568 60.07739878506568 0
1554126002 0 0 0 61.11929117322591 61.11929117322591 0
1554126042 0 0 0 62.085887179253824 62.085887179253824 0
1554126082 0 0 0 62.966918905955865 62.966918905955865 0
1554126122 0 0 0 63.755472512577356 63.755472512577356 0
1554126162 0 0 0 64.44460672214043 64.44460672214043 0
1554126202 0 0 0 65.02794035168014 65.02794035168014 0
1554126242 0 0 0 65.50005570153611 65.50005570153611 0
1554126282 0 0 0 65.85659834300667 65.85659834300667 0
1554126322 0 0 0 66.09435753657374 66.09435753657374 0
1554126362 0 0 0 66.2113249374548 66.2113249374548 0
1554126402 0 0 0 66.20672982637184 66.20672982637184 0
1554126442 0 0 0 66.08104978512662 66.08104978512662 0
1554126482 0 0 0 65.83599657676996 65.83599657676996 0
1554126522 0 0 0 65.47447768371822 65.47447768371822 0
1554126562 0 0 0 65.00053476170548 65.00053476170548 0
1554126602 0 0 0 64.41926094221806 64.41926094221806 0
1554126642 0 0 0 63.73669949804844 63.73669949804844 0
1554126682 0 0 0 62.95972698015038 62.95972698015038 0
1554126722 0 0 0 62.095924279720165 62.095924279720165 0
1554126762 0 0 0 61.15343922714677 61.15343922714677 0
1554126802 0 0 0 60.1408446579038 60.1408446579038 0
1554126842 0 0 0 59.066802256603296 59.066802256603296 0
1554126882 0 0 0 57.94028448979581 57.94028448979581 0
1554126922 0 0 0 56.77054279349841 56.77054279349841 0
1554126963 0 0 0 55.53600274776637 55.53600274776637 0
1554127003 0 0 0 54.30572385657954 54.30572385657954 0
1554127043 0 0 0 53.058305649508995 53.058305649508995 0
1554127083 0 0 0 51.80164840699987 51.80164840699987 0
1554127123 0 0 0 50.54316306817384 50.54316306817384 0
1554127163 0 0 0 49.289716643307415 49.289716643307415 0
1554127203 0 0 0 48.04759298369876 48.04759298369876 0
1554127243 0 0 0 46.822468124273335 46.822468124273335 0
1554127283 0 0 0 45.61939905642799 45.61939905642799 0
1554127323 0 0 0 44.4428248150541 44.4428248150541 0
1554127363 0 0 0 43.29652387065514 43.29652387065514 0
1554127403 0 0 0 42.182860281817334 42.182860281817334 0
1554127443 0 0 0 41.10564587703462 41.10564587703462 0
1554127483 0 0 0 40.06702816799996 40.06702816799996 0
1554127523 0 0 0 39.06867153665803 39.06867153665803 0
1554127563 0 0 0 38.11179898279998 38.11179898279998 0
1554127603 0 0 0 37.19723548552368 37.19723548552368 0
1554127643 0 0 0 36.3254518223915 36.3254518223915 0
1554127683 0 0 0 35.4966080709341 35.4966080709341 0
1554127723 0 0 0 34.71059596179996 34.71059596179996 0
1554127763 0 0 0 33.96707944756296 33.96707944756296 0
1554127803 0 0 0 33.26553316499233 33.26553316499233 0
1554127843 0 0 0 32.60527841606683 32.60527841606683 0
1554127883 0 0 0 31.98551643218761 31.98551643218761 0
1554127923 0 0 0 31.40535892385033 31.40535892385033 0
1554127963 0 0 0 30.86385584214255 30.86385584214255 0
1554128003 0 0 0 30.36002035558835 30.36002035558835 0
1554128043 0 0 0 29.892851216654996 29.892851216654996 0
1554128083 0 0 0 29.461352584411962 29.461352584411962 0
1554128123 0 0 0 29.064551421721713 29.064551421721713 0
1554128163 0 0 0 28.701512678403567 28.701512678403567 0
1554128203 0 0 0 28.371352379576575 28.371352379576575 0
1554128243 0 0 0 28.073248746935317 28.073248746935317 0
1554128283 0 0 0 27.806451552117547 27.806451552117547 0
1554128323 0 0 0 27.57028980279273 27.57028980279273 0
1554128363 0 0 0 27.363915521479193 27.363915521479193 0
1554128403 3 0 0 27.186867364941165 27.186867364941165 0
1554128443 0 0 0 27.038929191482946 27.038929191482946 0
1554128483 0 0 0 26.919789176723718 26.919789176723718 0
1554128523 3 0 0 26.82923160015193 26.82923160015193 0
1554128563 0 0 0 26.767136719954014 26.767136719954014 0
1554128603 0 0 0 26.733479572426265 26.733479572426265 0
1554128643 0 0 0 26.728327744670818 26.728327744670818 0
1554128683 0 0 0 26.751838129544925 26.751838129544925 0
1554128723 0 0 0 26.8042526745884 26.8042526745884 0
1554128763 0 0 0 26.885893122298597 26.885893122298597 0
1554128803 0 0 0 26.997154716408332 26.997154716408332 0
1554128843 0 0 0 27.13849885324582 27.13849885324582 0
1554128883 0 0 0 27.310444620225795 27.310444620225795 0
1554128923 0 0 0 27.513559165234202 27.513559165234202 0
1554128963 0 0 0 27.748446842878742 27.748446842878742 0
1554129003 0 0 0 28.015737035958253 28.015737035958253 0
1554129043 0 0 0 28.31607057076066 28.31607057076066 0
1554129083 0 0 0 28.65008466469302 28.65008466469302 0
1554129123 0 0 0 29.018396281143254 29.018396281143254 0
1554129163 0 0 0 29.42158382762568 29.42158382762568 0
1554129203 0 0 0 29.86016716971623 29.86016716971623 0
1554129243 0 0 0 30.334585870889363 30.334585870889363 0
1554129283 0 0 0 30.84517568103594 30.84517568103594 0
1554129323 0 0 0 31.392143357047942 31.392143357047942 0
1554129363 0 0 0 31.97553985467362 31.97553985467362 0
1554129403 0 0 0 32.59518264634544 32.59518264634544 0
1554129443 0 0 0 33.25071489876865 33.25071489876865 0
1554129484 0 0 0 33.95931585257278 33.95931585257278 0
1554129524 0 0 0 34.685532919128796 34.685532919128796 0
1554129564 0 0 0 35.445032978505466 35.445032978505466 0
1554129604 0 0 0 36.236303899222136 36.236303899222136 0
1554129644 0 0 0 37.05747092009048 37.05747092009048 0
1554129684 0 0 0 37.906271317279526 37.906271317279526 0
1554129724 0 0 0 38.77558793066785 38.77558793066785 0
1554129764 0 0 0 39.66521397040671 39.66521397040671 0
1554129804 0 0 0 40.57341394434061 40.57341394434061 0
1554129844 0 0 0 41.49623637210229 41.49623637210229 0
1554129884 0 0 0 42.42928810599771 42.42928810599771 0
1554129924 0 0 0 43.3677453592703 43.3677453592703 0
1554129964 0 0 0 44.30637436103765 44.30637436103765 0
1554130004 0 0 0 45.239562147964804 45.239562147964804 0
1554130044 0 0 0 46.16135800222877 46.16135800222877 0
1554130084 0 0 0 47.065525729129455 47.065525729129455 0
1554130124 0 0 0 47.9456064581713 47.9456064581713 0
1554130164 0 0 0 48.79499147409075 48.79499147409075 0
1554130204 0 0 0 49.60700421187453 49.60700421187453 0
1554130244 0 0 0 50.37498996485979 50.37498996485979 0
1554130284 0 0 0 51.09241168637461 51.09241168637461 0
1554130324 0 0 0 51.75294990876917 51.75294990876917 0
1554130364 0 0 0 52.3506043499236 52.3506043499236 0
1554130404 0 0 0 52.87979475529926 52.87979475529926 0
1554130444 0 0 0 53.33545833368939 53.33545833368939 0
1554130484 0 0 0 53.71314101507988 53.71314101507988 0
1554130524 0 0 0 54.00907994001369 54.00907994001369 0
1554130564 0 0 0 54.220274744140006 54.220274744140006 0
1554130604 0 0 0 54.34454538666475 54.34454538666475 0
1554130644 0 0 0 54.38057474308277 54.38057474308277 0
1554130684 0 0 0 54.3279345777928 54.3279345777928 0
1554130724 0 0 0 54.187094002738405 54.187094002738405 0
1554130764 0 0 0 53.95941013655975 53.95941013655975 0
1554130804 0 0 0 53.647101169234 53.647101169234 0
1554130844 0 0 0 53.25320266983991 53.25320266983991 0
1554130884 0 0 0 52.781508453073 52.781508453073 0
1554130924 0 0 0 52.23649777212079 52.23649777212079 0
1554130964 0 0 0 51.6232510779924 51.6232510779924 0
1554131004 0 0 0 50.94735682304726 50.94735682304726 0
1554131044 0 0 0 50.20916911806786 50.20916911806786 0
1554131084 0 0 0 49.41999938421107 49.41999938421107 0
1554131124 0 0 0 48.58682548153262 48.58682548153262 0
1554131164 0 0 0 47.716277196910085 47.716277196910085 0
1554131204 0 0 0 46.81474053535534 46.81474053535534 0
1554131244 0 0 0 45.88898741766504 45.88898741766504 0
1554131284 0 0 0 44.94543229787524 44.94543229787524 0
1554131324 0 0 0 43.99020575638984 43.99020575638984 0
1554131364 0 0 0 43.029129856084516 43.029129856084516 0
1554131404 0 0 0 42.0676659687648 42.0676659687648 0
1554131444 0 0 0 41.110207987522124 41.110207987522124 0
1554131484 0 0 0 40.160760921717824 40.160760921717824 0
1554131524 0 0 0 39.22505827791403 39.22505827791403 0
1554131564 0 0 0 38.30679993922395 38.30679993922395 0
1554131604 0 0 0 37.40922416620193 37.40922416620193 0
1554131644 0 0 0 36.5351154532494 36.5351154532494 0
1554131684 0 0 0 35.68681910143877 35.68681910143877 0
1554131724 0 0 0 34.86626128758221 34.86626128758221 0
1554131764 0 0 0 34.07497341433126 34.07497341433126 0
1554131804 3 0 0 33.314119785297834 33.314119785297834 0
1554131844 0 0 0 32.5845275284259 32.5845275284259 0
1554131884 0 0 0 31.886717828336593 31.886717828336593 0
1554131924 0 0 0 31.22093780073379 31.22093780073379 0
1554131964 3 0 0 30.587192254065794 30.587192254065794 0
1554132005 2 0 0 29.970631694357124 29.970631694357124 0
1554132045 5 0 0 29.400934693937312 29.400934693937312 0
1554132085 0 0 0 28.86212350551712 28.86212350551712 0
1554132125 0 0 0 28.353530458914214 28.353530458914214 0
1554132165 0 0 0 27.874388706964808 27.874388706964808 0
1554132205 0 0 0 27.423855754387926 27.423855754387926 0
1554132245 0 0 0 27.001035120790625 27.001035120790625 0
1554132285 0 0 0 26.604996113551554 26.604996113551554 0
1554132325 0 0 0 26.234791818117003 26.234791818117003 0
1554132365 0 0 0 25.88947531934695 25.88947531934695 0
1554132405 0 0 0 25.56748240934862 25.56748240934862 0
1554132445 0 0 0 25.2676886816032 25.2676886816032 0
1554132485 0 0 0 24.99020943341601 24.99020943341601 0
1554132525 0 0 0 24.734233584358286 24.734233584358286 0
1554132565 0 0 0 24.499006081418397 24.499006081418397 0
1554132605 0 0 0 24.283834928553073 24.283834928553073 0
1554132645 0 0 0 24.08809689887855 24.08809689887855 0
1554132685 0 0 0 23.911242018621536 23.911242018621536 0
1554132725 0 0 0 23.75279684412365 23.75279684412365 0
1554132765 0 0 0 23.61236657055225 23.61236657055225 0
1554132805 0 0 0 23.489636038643795 23.489636038643795 0
1554132845 0 0 0 23.384369662371338 23.384369662371338 0
1554132885 0 0 0 23.296410322808956 23.296410322808956 0
1554132925 0 0 0 23.22567727481022 23.22567727481022 0
1554132965 0 0 0 23.17216311138289 23.17216311138289 0
1554133005 0 0 0 23.135929818594704 23.135929818594704 0
1554133045 0 0 0 23.116881847287313 23.116881847287313 0
1554133085 0 0 0 23.114744005882585 23.114744005882585 0
1554133125 0 0 0 23.130358654937957 23.130358654937957 0
1554133165 0 0 0 23.16400363596064 23.16400363596064 0
1554133205 0 0 0 23.215994579058762 23.215994579058762 0
1554133245 0 0 0 23.286676457227685 23.286676457227685 0
1554133285 0 0 0 23.376414481605025 23.376414481605025 0
1554133325 0 0 0 23.485584343409187 23.485584343409187 0
1554133365 0 0 0 23.613990592425154 23.613990592425154 0
1554133405 0 0 0 23.762008610813737 23.762008610813737 0
1554133445 0 0 0 23.93054584249698 23.93054584249698 0
1554133485 0 0 0 24.119921261616195 24.119921261616195 0
1554133525 0 0 0 24.330405461597426 24.330405461597426 0
1554133565 0 0 0 24.562206988416918 24.562206988416918 0
1554133605 0 0 0 24.81545810396514 24.81545810396514 0
1554133645 0 0 0 25.090200005689333 25.090200005689333 0
1554133685 0 0 0 25.386367580220696 25.386367580220696 0
1554133725 0 0 0 25.70375882488811 25.70375882488811 0
1554133765 0 0 0 26.042011829554333 26.042011829554333 0
1554133805 0 0 0 26.400696513591964 26.400696513591964 0
1554133845 0 0 0 26.778129791429375 26.778129791429375 0
1554133885 0 0 0 27.168955411648163 27.168955411648163 0
1554133925 0 0 0 27.57779411896864 27.57779411896864 0
1554133965 0 0 0 28.00342522362983 28.00342522362983 0
1554134005 0 0 0 28.44440612712195 28.44440612712195 0
1554134045 0 0 0 28.899063123782145 28.899063123782145 0
1554134085 0 0 0 29.365484891094397 29.365484891094397 0
1554134125 0 0 0 29.841519162204037 29.841519162204037 0
1554134165 0 0 0 30.324773073881047 30.324773073881047 0
1554134205 0 0 0 30.81261783602418 30.81261783602418 0
1554134245 0 0 0 31.30219804768976 31.30219804768976 0
1554134285 0 0 0 31.79044613279059 31.79044613279059 0
1554134325 0 0 0 32.274102215349345 32.274102215349345 0
1554134365 0 0 0 32.74973955512015 32.74973955512015 0
1554134405 0 0 0 33.21379559171086 33.21379559171086 0
1554134445 0 0 0 33.66260849684041 33.66260849684041 0
1554134485 0 0 0 34.092458823365156 34.092458823365156 0
1554134526 0 0 0 34.5094718391852 34.5094718391852 0
1554134566 0 0 0 34.88953704144784 34.88953704144784 0
1554134606 0 0 0 35.239528122805794 35.239528122805794 0
1554134646 0 0 0 35.55599574985522 35.55599574985522 0
1554134686 0 0 0 35.835693900651336 35.835693900651336 0
1554134726 0 0 0 36.075634333934424 36.075634333934424 0
1554134766 0 0 0 36.27313868432027 36.27313868432027 0
1554134806 0 0 0 36.42588675980785 36.42588675980785 0
1554134846 0 0 0 36.531959606668906 36.531959606668906 0
1554134886 8 0 0 36.58987601048917 36.58987601048917 0
1554134926 0 0 0 36.59862126864597 36.59862126864597 0
1554134966 0 0 0 36.55766731663324 36.55766731663324 0
1554135006 0 0 0 36.46698347216721 36.46698347216721 0
1554135046 0 0 0 36.32703742920143 36.32703742920143 0
1554135086 0 0 0 36.1387863939791 36.1387863939791 0
1554135126 0 0 0 35.90365860677792 35.90365860677792 0
1554135166 0 0 0 35.623525778608695 35.623525778608695 0
1554135206 0 0 0 35.30066725753982 35.30066725753982 0
1554135246 0 0 0 34.93772702779844 34.93772702779844 0
1554135286 0 0 0 34.53766481337927 34.53766481337927 0
1554135326 0 0 0 34.10370268223042 34.10370268223042 0
1554135366 0 0 0 33.63926871136353 33.63926871136353 0
1554135406 0 0 0 33.147939247986976 33.147939247986976 0
1554135446 0 0 0 32.633381213302364 32.633381213302364 0
1554135486 0 0 0 32.09916657390089 32.09916657390089 0
1554135526 0 0 0 31.547568573259205 31.547568573259205 0
1554135566 0 0 0 30.982932478502423 30.982932478502423 0
1554135606 0 0 0 30.409809260130647 30.409809260130647 0
1554135646 0 0 0 29.8284656550555 29.8284656550555 0
1554135686 0 0 0 29.241748879977138 29.241748879977138 0
1554135726 0 0 0 28.65602469887632 28.65602469887632 0
1554135766 0 0 0 28.074023971871927 28.074023971871927 0
1554135806 0 0 0 27.498224588267448 27.498224588267448 0
1554135846 0 0 0 26.930842252948604 26.930842252948604 0
1554135886 0 0 0 26.373826530368955 26.373826530368955 0
1554135926 0 0 0 25.828861595797655 25.828861595797655 0
1554135966 0 0 0 25.297371191328406 25.297371191328406 0
1554136006 0 0 0 24.780527138178222 24.780527138178222 0
1554136046 0 0 0 24.27926076057495 24.27926076057495 0
1554136086 0 0 0 23.79427670321351 23.79427670321351 0
1554136126 0 0 0 23.326068555962497 23.326068555962497 0
1554136166 6 0 0 22.87366222435669 22.87366222435669 0
1554136206 0 0 0 22.437948896240883 22.437948896240883 0
1554136246 3 0 0 22.019370976561785 22.019370976561785 0
1554136286 3 0 0 21.617764992601682 21.617764992601682 0
1554136326 6 0 0 21.232845946391098 21.232845946391098 0
1554136366 0 0 0 20.864225071102876 20.864225071102876 0
1554136406 1 0 0 20.511427013343 20.511427013343 0
1554136446 0 0 0 20.173906362248395 20.173906362248395 0
1554136486 0 0 0 19.851063402502877 19.851063402502877 0
1554136526 0 0 0 19.542258987625026 19.542258987625026 0
1554136566 0 0 0 19.246828538180534 19.246828538180534 0
1554136606 0 0 0 18.96409508774708 18.96409508774708 0
1554136646 0 0 0 18.693381345016842 18.693381345016842 0
1554136686 0 0 0 18.434020772644764 18.434020772644764 0
1554136726 0 0 0 18.185367655132122 18.185367655132122 0
1554136766 2 0 0 17.946806109179 17.946806109179 0
1554136806 3 0 0 17.71775806450924 17.71775806450924 0
1554136846 3 0 0 17.49769017027753 17.49769017027753 0
1554136886 0 0 0 17.28611960494949 17.28611960494949 0
1554136926 0 0 0 17.082131364796307 17.082131364796307 0
1554136966 4 0 0 16.885257545372575 16.885257545372575 0
1554137006 1 0 0 16.695995020141865 16.695995020141865 0
1554137047 0 0 0 16.50964461866049 16.50964461866049 0
1554137087 0 0 0 16.33511068818911 16.33511068818911 0
1554137127 0 0 0 16.167636569419418 16.167636569419418 0
1554137167 0 0 0 16.00716130482685 16.00716130482685 0
1554137207 0 0 0 15.853680935458875 15.853680935458875 0
1554137247 0 0 0 15.707245300498725 15.707245300498725 0
1554137287 0 0 0 15.567954112054059 15.567954112054059 0
1554137327 0 0 0 15.435952425938043 15.435952425938043 0
1554137367 0 0 0 15.311425582504059 15.311425582504059 0
1554137407 0 0 0 15.194445861284219 15.194445861284219 0
1554137447 0 0 0 15.084382279398802 15.084382279398802 0
1554137487 0 0 0 14.98241761626501 14.98241761626501 0
1554137527 0 0 0 14.888855031999412 14.888855031999412 0
1554137567 0 0 0 14.804008153848818 14.804008153848818 0
1554137607 0 0 0 14.728194569706684 14.728194569706684 0
1554137647 0 0 0 14.661729359817027 14.661729359817027 0
1554137687 0 0 0 14.604918731303655 14.604918731303655 0
1554137727 0 0 0 14.558053770081962 14.558053770081962 0
1554137767 0 0 0 14.52054321371034 14.52054321371034 0
1554137807 0 0 0 14.493375812625153 14.493375812625153 0
1554137847 0 0 0 14.476829381416593 14.476829381416593 0
1554137887 0 0 0 14.471077086269803 14.471077086269803 0
1554137927 0 0 0 14.476248645395868 14.476248645395868 0
1554137967 0 0 0 14.49242497213621 14.49242497213621 0
1554138007 0 0 0 14.519632930467216 14.519632930467216 0
1554138047 0 0 0 14.556024653987777 14.556024653987777 0
1554138087 0 0 0 14.600789529618844 14.600789529618844 0
1554138127 0 0 0 14.656344916034463 14.656344916034463 0
1554138167 0 0 0 14.722456413150061 14.722456413150061 0
1554138207 0 0 0 14.798828468396838 14.798828468396838 0
1554138247 0 0 0 14.885068771965024 14.885068771965024 0
1554138287 0 0 0 14.980699480215788 14.980699480215788 0
1554138327 0 0 0 15.085154221105913 15.085154221105913 0
1554138367 0 0 0 15.19777576447416 15.19777576447416 0
1554138407 0 0 0 15.317814542875562 15.317814542875562 0
1554138447 0 0 0 15.444428153162585 15.444428153162585 0
1554138487 0 0 0 15.57668205482343 15.57668205482343 0
1554138527 0 0 0 15.713551592708189 15.713551592708189 0
1554138567 0 0 0 15.853925540635892 15.853925540635892 0
1554138607 0 0 0 15.996611308843478 15.996611308843478 0
1554138647 0 0 0 16.140341931111802 16.140341931111802 0
1554138687 0 0 0 16.28378491473744 16.28378491473744 0
1554138727 0 0 0 16.42555301570126 16.42555301570126 0
1554138767 0 0 0 16.564216898807164 16.564216898807164 0
1554138807 0 0 0 16.698319617769748 16.698319617769748 0
1554138847 0 0 0 16.82639278084059 16.82639278084059 0
1554138887 0 0 0 16.946974159875634 16.946974159875634 0
1554138927 0 0 0 17.05862647821803 17.05862647821803 0
1554138967 0 0 0 17.159957014714408 17.159957014714408 0
1554139007 0 0 0 17.249637604550493 17.249637604550493 0
1554139047 0 0 0 17.326424566309623 17.326424566309623 0
1554139087 0 0 0 17.389178071061238 17.389178071061238 0
1554139127 0 0 0 17.43688041539442 17.43688041539442 0
1554139167 0 0 0 17.46865269110285 17.46865269110285 0
1554139207 0 0 0 17.48376935982288 17.48376935982288 0
1554139247 0 0 0 17.481670269518002 17.481670269518002 0
1554139287 0 0 0 17.46196974724121 17.46196974724121 0
1554139327 0 0 0 17.42446244697804 17.42446244697804 0
1554139367 0 0 0 17.36912576291222 17.36912576291222 0
1554139407 0 0 0 17.296118698028124 17.296118698028124 0
1554139447 0 0 0 17.205777209127838 17.205777209127838 0
1554139487 0 0 0 17.098606158357764 17.098606158357764 0
1554139527 0 0 0 16.97456945960222 16.97456945960222 0
1554139568 0 0 0 16.830421939518555 16.830421939518555 0
1554139608 0 0 0 16.675278935372376 16.675278935372376 0
1554139648 0 0 0 16.50686923968568 16.50686923968568 0
1554139688 0 0 0 16.32632759456899 16.32632759456899 0
1554139728 0 0 0 16.13481572708074 16.13481572708074 0
1554139768 0 0 0 15.933646124314008 15.933646124314008 0
1554139808 0 0 0 15.724097506191786 15.724097506191786 0
1554139848 0 0 0 15.507452377453765 15.507452377453765 0
1554139888 0 0 0 15.2849781309001 15.2849781309001 0
1554139928 0 0 0 15.05790964487614 15.05790964487614 0
1554139968 0 0 0 14.827433662735295 14.827433662735295 0
1554140008 0 0 0 14.59467516362715 14.59467516362715 0
1554140048 0 0 0 14.360685864070627 14.360685864070627 0
1554140088 0 0 0 14.126434876640499 14.126434876640499 0
1554140128 0 0 0 13.891961675692539 13.891961675692539 0
1554140168 0 0 0 13.655817698492934 13.655817698492934 0
1554140208 0 0 0 13.42184358266416 13.42184358266416 0
1554140248 0 0 0 13.190642371630874 13.190642371630874 0
1554140288 0 0 0 12.962717923914436 12.962717923914436 0
1554140328 0 0 0 12.738477004196788 12.738477004196788 0
1554140368 0 0 0 12.518232747745554 12.518232747745554 0
1554140408 0 0 0 12.30220929953915 12.30220929953915 0
1554140448 0 0 0 12.0905474189144 12.0905474189144 0
1554140488 0 0 0 11.883310909480066 11.883310909480066 0
1554140528 0 0 0 11.680493697852391 11.680493697852391 0
1554140568 0 0 0 11.482027384771781 11.482027384771781 0
