1554092829 1 0 0 1.2821541999680082 1.2821541999680082 0
1554092869 0 0 0 1.2821541999680082 1.2821541999680082 0
1554092909 0 0 0 1.2821541999680082 1.2821541999680082 0
1554092949 0 0 0 1.2821541999680082 1.2821541999680082 0
1554092989 0 0 0 1.2821541999680082 1.2821541999680082 0
1554093029 0 0 0 1.2821541999680082 1.2821541999680082 0
1554093069 0 0 0 1.2821541999680082 1.2821541999680082 0
1554093109 0 0 0 1.2821541999680082 1.2821541999680082 0
1554093149 0 0 0 1.2821541999680082 1.2821541999680082 0
1554093189 0 0 0 1.2821541999680082 1.2821541999680082 0
1554093229 0 0 0 1.2821541999680082 1.2821541999680082 0
1554093269 0 0 0 1.2821541999680082 1.2821541999680082 0
1554093309 0 0 0 1.2821541999680082 1.2821541999680082 0
1554093349 0 0 0 1.2821541999680082 1.2821541999680082 0
1554093389 0 0 0 1.2821541999680082 1.2821541999680082 0
1554093429 0 0 0 1.2821541999680082 1.2821541999680082 0
1554093469 0 0 0 1.2821541999680082 1.2821541999680082 0
1554093509 0 0 0 1.2821541999680082 1.2821541999680082 0
1554093549 0 0 0 1.2821541999680082 1.2821541999680082 0
1554093589 0 0 0 1.2821541999680082 1.2821541999680082 0
1554093629 0 0 0 1.2821541999680082 1.2821541999680082 0
1554093669 0 0 0 1.2821541999680082 1.2821541999680082 0
1554093709 0 0 0 1.2821541999680082 1.2821541999680082 0
1554093749 0 0 0 1.2821541999680082 1.2821541999680082 0
1554093789 0 0 0 1.2821541999680082 1.2821541999680082 0
1554093829 0 0 0 1.2821541999680082 1.2821541999680082 0
1554093869 0 0 0 1.2821541999680082 1.2821541999680082 0
1554093909 0 0 0 1.2821541999680082 1.2821541999680082 0
1554093949 0 0 0 1.2821541999680082 1.2821541999680082 0
1554093989 0 0 0 1.2821541999680082 1.2821541999680082 0
1554094029 0 0 0 1.2821541999680082 1.2821541999680082 0
1554094069 0 0 0 1.2821541999680082 1.2821541999680082 0
1554094109 0 0 0 1.2821541999680082 1.2821541999680082 0
1554094149 0 0 0 1.2821541999680082 1.2821541999680082 0
1554094190 0 0 0 1.2821541999680082 1.2821541999680082 0
1554094230 0 0 0 1.2821541999680082 1.2821541999680082 0
1554094270 0 0 0 1.2821541999680082 1.2821541999680082 0
1554094310 0 0 0 1.2821541999680082 1.2821541999680082 0
1554094350 0 0 0 1.2821541999680082 1.2821541999680082 0
1554094390 0 0 0 1.2821541999680082 1.2821541999680082 0
1554094430 0 0 0 1.2821541999680082 1.2821541999680082 0
1554094470 0 0 0 1.2821541999680082 1.2821541999680082 0
1554094510 0 0 0 1.2821541999680082 1.2821541999680082 0
1554094550 0 0 0 1.2821541999680082 1.2821541999680082 0
1554094590 0 0 0 1.2821541999680082 1.2821541999680082 0
1554094630 0 0 0 1.2821541999680082 1.2821541999680082 0
1554094670 0 0 0 1.2821541999680082 1.2821541999680082 0
1554094710 0 0 0 1.2821541999680082 1.2821541999680082 0
1554094750 0 0 0 1.2821541999680082 1.2821541999680082 0
1554094790 0 0 0 1.2821541999680082 1.2821541999680082 0
1554094830 0 0 0 1.2821541999680082 1.2821541999680082 0
1554094870 0 0 0 1.2821541999680082 1.2821541999680082 0
1554094910 0 0 0 1.2821541999680082 1.2821541999680082 0
1554094950 0 0 0 1.2821541999680082 1.2821541999680082 0
1554094990 0 0 0 1.2821541999680082 1.2821541999680082 0
1554095030 0 0 0 1.2821541999680082 1.2821541999680082 0
1554095070 0 0 0 1.2821541999680082 1.2821541999680082 0
1554095110 0 0 0 1.2821541999680082 1.2821541999680082 0
1554095150 0 0 0 1.2821541999680082 1.2821541999680082 0
1554095190 0 0 0 1.2821541999680082 1.2821541999680082 0
1554095230 0 0 0 1.2821541999680082 1.2821541999680082 0
1554095270 0 0 0 1.2821541999680082 1.2821541999680082 0
1554095310 0 0 0 1.2821541999680082 1.2821541999680082 0
1554095350 0 0 0 1.2821541999680082 1.2821541999680082 0
1554095390 0 0 0 1.2821541999680082 1.2821541999680082 0
1554095430 0 0 0 1.2821541999680082 1.2821541999680082 0
1554095470 0 0 0 1.2821541999680082 1.2821541999680082 0
1554095510 0 0 0 1.2821541999680082 1.2821541999680082 0
1554095550 0 0 0 1.2821541999680082 1.2821541999680082 0
1554095590 0 0 0 1.2821541999680082 1.2821541999680082 0
1554095630 0 0 0 1.2821541999680082 1.2821541999680082 0
1554095670 0 0 0 1.2821541999680082 1.2821541999680082 0
1554095710 0 0 0 1.2821541999680082 1.2821541999680082 0
1554095750 0 0 0 1.2821541999680082 1.2821541999680082 0
1554095790 0 0 0 1.2821541999680082 1.2821541999680082 0
1554095830 0 0 0 1.2821541999680082 1.2821541999680082 0
1554095870 0 0 0 1.2821541999680082 1.2821541999680082 0
1554095910 0 0 0 1.2821541999680082 1.2821541999680082 0
1554095950 0 0 0 1.2821541999680082 1.2821541999680082 0
1554095990 0 0 0 1.2821541999680082 1.2821541999680082 0
1554096030 0 0 0 1.2821541999680082 1.2821541999680082 0
1554096070 0 0 0 1.2821541999680082 1.2821541999680082 0
1554096110 0 0 0 1.2821541999680082 1.2821541999680082 0
1554096150 0 0 0 1.2821541999680082 1.2821541999680082 0
1554096190 0 0 0 1.2821541999680082 1.2821541999680082 0
1554096230 0 0 0 1.2821541999680082 1.2821541999680082 0
1554096270 0 0 0 1.2821541999680082 1.2821541999680082 0
1554096310 0 0 0 1.2821541999680082 1.2821541999680082 0
1554096350 0 0 0 1.2821541999680082 1.2821541999680082 0
1554096390 0 0 0 1.2821541999680082 1.2821541999680082 0
1554096430 0 0 0 1.2821541999680082 1.2821541999680082 0
1554096470 0 0 0 1.2821541999680082 1.2821541999680082 0
1554096510 0 0 0 1.2821541999680082 1.2821541999680082 0
1554096550 0 0 0 1.2821541999680082 1.2821541999680082 0
1554096590 0 0 0 1.2821541999680082 1.2821541999680082 0
1554096630 0 0 0 1.2821541999680082 1.2821541999680082 0
1554096670 4 0 0 1.2821541999680082 1.2821541999680082 0
1554096711 0 0 0 1.2821541999680082 1.2821541999680082 0
1554096751 0 0 0 1.2821541999680082 1.2821541999680082 0
1554096791 2 0 0 1.2821541999680082 1.2821541999680082 0
1554096831 0 0 0 1.2821541999680082 1.2821541999680082 0
1554096871 0 0 0 1.2821541999680082 1.2821541999680082 0
1554096911 0 0 0 1.2821541999680082 1.2821541999680082 0
1554096951 0 0 0 1.2821541999680082 1.2821541999680082 0
1554096991 0 0 0 1.2821541999680082 1.2821541999680082 0
1554097031 0 0 0 1.2821541999680082 1.2821541999680082 0
1554097071 0 0 0 1.2821541999680082 1.2821541999680082 0
1554097111 0 0 0 1.2821541999680082 1.2821541999680082 0
1554097151 0 0 0 1.2821541999680082 1.2821541999680082 0
1554097191 0 0 0 1.2821541999680082 1.2821541999680082 0
1554097231 1 0 0 1.2821541999680082 1.2821541999680082 0
1554097271 0 0 0 1.2821541999680082 1.2821541999680082 0
1554097311 0 0 0 1.2821541999680082 1.2821541999680082 0
1554097351 0 0 0 1.2821541999680082 1.2821541999680082 0
1554097391 1 0 0 1.2821541999680082 1.2821541999680082 0
1554097431 0 0 0 1.2821541999680082 1.2821541999680082 0
1554097471 3 0 0 1.2821541999680082 1.2821541999680082 0
1554097511 1 0 0 1.2821541999680082 1.2821541999680082 0
1554097551 0 0 0 1.2821541999680082 1.2821541999680082 0
1554097591 2 0 0 1.2821541999680082 1.2821541999680082 0
1554097631 5 0 0 1.2821541999680082 1.2821541999680082 0
1554097671 3 0 0 1.2821541999680082 1.2821541999680082 0
1554097711 0 0 0 1.2821541999680082 1.2821541999680082 0
1554097751 0 0 0 1.2821541999680082 1.2821541999680082 0
1554097791 0 0 0 1.2821541999680082 1.2821541999680082 0
1554097831 0 0 0 1.2821541999680082 1.2821541999680082 0
1554097871 9 6 6 1.2821541999680082 1.2821541999680082 6
1554097911 0 0 0 1.2821541999680082 1.2821541999680082 0
1554097951 0 0 0 1.2821541999680082 1.2821541999680082 0
1554097991 0 0 0 1.2821541999680082 1.2821541999680082 0
1554098031 0 0 0 1.2821541999680082 1.2821541999680082 0
1554098071 0 0 0 1.2821541999680082 1.2821541999680082 0
1554098111 0 0 0 1.2821541999680082 1.2821541999680082 0
1554098151 0 0 0 1.2821541999680082 1.2821541999680082 0
1554098191 0 0 0 1.2821541999680082 1.2821541999680082 0
1554098231 0 0 0 1.2821541999680082 1.2821541999680082 0
1554098271 0 0 0 1.2821541999680082 1.2821541999680082 0
1554098311 0 0 0 1.2821541999680082 1.2821541999680082 0
1554098351 0 0 0 1.2821541999680082 1.2821541999680082 0
1554098391 0 0 0 1.2821541999680082 1.2821541999680082 0
1554098431 0 0 0 1.2821541999680082 1.2821541999680082 0
1554098471 0 0 0 1.2821541999680082 1.2821541999680082 0
1554098511 3 0 0 1.2821541999680082 1.2821541999680082 0
1554098551 3 0 0 1.2821541999680082 1.2821541999680082 0
1554098591 1 0 0 1.2821541999680082 1.2821541999680082 0
1554098631 11 82 82 1.2821541999680082 1.2821541999680082 82
1554098671 1 0 0 1.2821541999680082 1.2821541999680082 0
1554098711 3 0 0 1.2821541999680082 1.2821541999680082 0
1554098751 0 0 0 1.2821541999680082 1.2821541999680082 0
1554098791 0 0 0 1.2821541999680082 1.2821541999680082 0
1554098831 0 0 0 1.2821541999680082 1.2821541999680082 0
1554098871 0 0 0 1.2821541999680082 1.2821541999680082 0
1554098911 0 0 0 1.2821541999680082 1.2821541999680082 0
1554098951 0 0 0 1.2821541999680082 1.2821541999680082 0
1554098991 0 0 0 1.2821541999680082 1.2821541999680082 0
1554099031 0 0 0 1.2821541999680082 1.2821541999680082 0
1554099071 1 0 0 1.2821541999680082 1.2821541999680082 0
1554099111 2 0 0 1.2821541999680082 1.2821541999680082 0
1554099151 1 0 0 1.2821541999680082 1.2821541999680082 0
1554099191 0 0 0 1.2821541999680082 1.2821541999680082 0
1554099232 0 0 0 1.2821541999680082 1.2821541999680082 0
1554099272 0 0 0 1.2821541999680082 1.2821541999680082 0
1554099312 0 0 0 1.2821541999680082 1.2821541999680082 0
1554099352 0 0 0 1.2821541999680082 1.2821541999680082 0
1554099392 0 0 0 1.2821541999680082 1.2821541999680082 0
1554099432 0 0 0 1.2821541999680082 1.2821541999680082 0
1554099472 0 0 0 1.2821541999680082 1.2821541999680082 0
1554099512 0 0 0 1.2821541999680082 1.2821541999680082 0
1554099552 0 0 0 1.2821541999680082 1.2821541999680082 0
1554099592 0 0 0 1.2821541999680082 1.2821541999680082 0
1554099632 4 0 0 1.2821541999680082 1.2821541999680082 0
1554099672 1 0 0 1.2821541999680082 1.2821541999680082 0
1554099712 1 0 0 1.2821541999680082 1.2821541999680082 0
1554099752 0 0 0 1.2821541999680082 1.2821541999680082 0
1554099792 0 0 0 1.2821541999680082 1.2821541999680082 0
1554099832 0 0 0 1.2821541999680082 1.2821541999680082 0
1554099872 0 0 0 1.2821541999680082 1.2821541999680082 0
1554099912 0 0 0 1.2821541999680082 1.2821541999680082 0
1554099952 0 0 0 1.2821541999680082 1.2821541999680082 0
1554099992 0 0 0 1.2821541999680082 1.2821541999680082 0
1554100032 0 0 0 1.2821541999680082 1.2821541999680082 0
1554100072 3 0 0 1.2821541999680082 1.2821541999680082 0
1554100112 0 0 0 1.2821541999680082 1.2821541999680082 0
1554100152 1 0 0 1.2821541999680082 1.2821541999680082 0
1554100192 0 0 0 1.2821541999680082 1.2821541999680082 0
1554100232 0 0 0 1.2821541999680082 1.2821541999680082 0
1554100272 0 0 0 1.2821541999680082 1.2821541999680082 0
1554100312 0 0 0 1.2821541999680082 1.2821541999680082 0
1554100352 0 0 0 1.2821541999680082 1.2821541999680082 0
1554100392 0 0 0 1.2821541999680082 1.2821541999680082 0
1554100432 0 0 0 1.2821541999680082 1.2821541999680082 0
1554100472 0 0 0 1.2821541999680082 1.2821541999680082 0
1554100512 0 0 0 1.2821541999680082 1.2821541999680082 0
1554100552 0 0 0 1.2821541999680082 1.2821541999680082 0
1554100592 0 0 0 1.2821541999680082 1.2821541999680082 0
1554100632 0 0 0 1.2821541999680082 1.2821541999680082 0
1554100672 0 0 0 1.2821541999680082 1.2821541999680082 0
1554100712 0 0 0 1.2821541999680082 1.2821541999680082 0
1554100752 0 0 0 1.2821541999680082 1.2821541999680082 0
1554100792 0 0 0 1.2821541999680082 1.2821541999680082 0
1554100832 0 0 0 1.2821541999680082 1.2821541999680082 0
1554100872 0 0 0 1.2821541999680082 1.2821541999680082 0
1554100912 0 0 0 1.2821541999680082 1.2821541999680082 0
1554100952 0 0 0 1.2821541999680082 1.2821541999680082 0
1554100992 0 0 0 1.2821541999680082 1.2821541999680082 0
1554101032 0 0 0 1.2821541999680082 1.2821541999680082 0
1554101072 0 0 0 1.2821541999680082 1.2821541999680082 0
1554101112 0 0 0 1.2821541999680082 1.2821541999680082 0
1554101152 0 0 0 1.2821541999680082 1.2821541999680082 0
1554101192 0 0 0 1.2821541999680082 1.2821541999680082 0
1554101232 0 0 0 1.2821541999680082 1.2821541999680082 0
1554101272 0 0 0 1.2821541999680082 1.2821541999680082 0
1554101312 0 0 0 1.2821541999680082 1.2821541999680082 0
1554101352 1 0 0 1.2821541999680082 1.2821541999680082 0
1554101392 1 0 0 1.2821541999680082 1.2821541999680082 0
1554101432 2 0 0 1.2821541999680082 1.2821541999680082 0
1554101472 0 0 0 1.2821541999680082 1.2821541999680082 0
1554101512 0 0 0 1.2821541999680082 1.2821541999680082 0
1554101552 0 0 0 1.2821541999680082 1.2821541999680082 0
1554101592 0 0 0 1.2821541999680082 1.2821541999680082 0
1554101632 3 0 0 1.2821541999680082 1.2821541999680082 0
1554101672 4 0 0 1.2821541999680082 1.2821541999680082 0
1554101712 0 0 0 1.2821541999680082 1.2821541999680082 0
1554101753 0 0 0 1.2821541999680082 1.2821541999680082 0
1554101793 0 0 0 1.2821541999680082 1.2821541999680082 0
1554101833 0 0 0 1.2821541999680082 1.2821541999680082 0
1554101873 0 0 0 1.2821541999680082 1.2821541999680082 0
1554101913 0 0 0 1.2821541999680082 1.2821541999680082 0
1554101953 0 0 0 1.2821541999680082 1.2821541999680082 0
1554101993 0 0 0 1.2821541999680082 1.2821541999680082 0
1554102033 0 0 0 1.2821541999680082 1.2821541999680082 0
1554102073 0 0 0 1.2821541999680082 1.2821541999680082 0
1554102113 2 0 0 1.2821541999680082 1.2821541999680082 0
1554102153 4 0 0 1.2821541999680082 1.2821541999680082 0
1554102193 0 0 0 1.2821541999680082 1.2821541999680082 0
1554102233 0 0 0 1.2821541999680082 1.2821541999680082 0
1554102273 0 0 0 1.2821541999680082 1.2821541999680082 0
1554102313 0 0 0 1.2821541999680082 1.2821541999680082 0
1554102353 3 0 0 1.2821541999680082 1.2821541999680082 0
1554102393 3 17 17 1.2821541999680082 1.2821541999680082 17
1554102433 1 0 0 1.2821541999680082 1.2821541999680082 0
1554102473 0 0 0 1.2821541999680082 1.2821541999680082 0
1554102513 0 0 0 1.2821541999680082 1.2821541999680082 0
1554102553 0 0 0 1.2821541999680082 1.2821541999680082 0
1554102593 0 0 0 1.2821541999680082 1.2821541999680082 0
1554102633 0 0 0 1.2821541999680082 1.2821541999680082 0
1554102673 0 0 0 1.2821541999680082 1.2821541999680082 0
1554102713 0 0 0 1.2821541999680082 1.2821541999680082 0
1554102753 0 0 0 1.2821541999680082 1.2821541999680082 0
1554102793 0 0 0 1.2821541999680082 1.2821541999680082 0
1554102833 0 0 0 1.2821541999680082 1.2821541999680082 0
1554102873 0 0 0 1.2821541999680082 1.2821541999680082 0
1554102913 0 0 0 1.2821541999680082 1.2821541999680082 0
1554102953 0 0 0 1.2821541999680082 1.2821541999680082 0
1554102993 0 0 0 1.2821541999680082 1.2821541999680082 0
1554103033 0 0 0 1.2821541999680082 1.2821541999680082 0
1554103073 2 0 0 1.2821541999680082 1.2821541999680082 0
1554103113 0 0 0 1.2821541999680082 1.2821541999680082 0
1554103153 0 0 0 1.2821541999680082 1.2821541999680082 0
1554103193 2 0 0 1.2821541999680082 1.2821541999680082 0
1554103233 0 0 0 1.2821541999680082 1.2821541999680082 0
1554103273 0 0 0 1.2821541999680082 1.2821541999680082 0
1554103313 1 0 0 1.2821541999680082 1.2821541999680082 0
1554103353 1 0 0 1.2821541999680082 1.2821541999680082 0
1554103393 0 0 0 1.2821541999680082 1.2821541999680082 0
1554103433 4 0 0 1.2821541999680082 1.2821541999680082 0
1554103473 0 0 0 1.2821541999680082 1.2821541999680082 0
1554103513 0 0 0 1.2821541999680082 1.2821541999680082 0
1554103553 0 0 0 1.2821541999680082 1.2821541999680082 0
1554103593 0 0 0 1.2821541999680082 1.2821541999680082 0
1554103633 0 0 0 1.2821541999680082 1.2821541999680082 0
1554103673 0 0 0 1.2821541999680082 1.2821541999680082 0
1554103713 0 0 0 1.2821541999680082 1.2821541999680082 0
1554103753 0 0 0 1.2821541999680082 1.2821541999680082 0
1554103793 0 0 0 1.2821541999680082 1.2821541999680082 0
1554103833 0 0 0 1.2821541999680082 1.2821541999680082 0
1554103873 0 0 0 1.2821541999680082 1.2821541999680082 0
1554103913 0 0 0 1.2821541999680082 1.2821541999680082 0
1554103953 0 0 0 1.2821541999680082 1.2821541999680082 0
1554103993 0 0 0 1.2821541999680082 1.2821541999680082 0
1554104033 0 0 0 1.2821541999680082 1.2821541999680082 0
1554104073 0 0 0 1.2821541999680082 1.2821541999680082 0
1554104113 0 0 0 1.2821541999680082 1.2821541999680082 0
1554104153 0 0 0 1.2821541999680082 1.2821541999680082 0
1554104193 0 0 0 1.2821541999680082 1.2821541999680082 0
1554104233 0 0 0 1.2821541999680082 1.2821541999680082 0
1554104274 0 0 0 1.2821541999680082 1.2821541999680082 0
1554104314 0 0 0 1.2821541999680082 1.2821541999680082 0
1554104354 0 0 0 1.2821541999680082 1.2821541999680082 0
1554104394 4 0 0 1.2821541999680082 1.2821541999680082 0
1554104434 0 0 0 1.2821541999680082 1.2821541999680082 0
1554104474 5 0 0 1.2821541999680082 1.2821541999680082 0
1554104514 1 21 21 1.2821541999680082 1.2821541999680082 21
1554104554 0 0 0 1.2821541999680082 1.2821541999680082 0
1554104594 0 0 0 1.2821541999680082 1.2821541999680082 0
1554104634 7 0 0 1.2821541999680082 1.2821541999680082 0
1554104674 2 0 0 1.2821541999680082 1.2821541999680082 0
1554104714 0 0 0 1.2821541999680082 1.2821541999680082 0
1554104754 0 0 0 1.2821541999680082 1.2821541999680082 0
1554104794 0 0 0 1.2821541999680082 1.2821541999680082 0
1554104834 0 0 0 1.2821541999680082 1.2821541999680082 0
1554104874 0 0 0 1.2821541999680082 1.2821541999680082 0
1554104914 0 0 0 1.2821541999680082 1.2821541999680082 0
1554104954 0 0 0 1.2821541999680082 1.2821541999680082 0
1554104994 0 0 0 1.2821541999680082 1.2821541999680082 0
1554105034 0 0 0 1.2821541999680082 1.2821541999680082 0
1554105074 0 0 0 1.2821541999680082 1.2821541999680082 0
1554105114 0 0 0 1.2821541999680082 1.2821541999680082 0
1554105154 0 0 0 1.2821541999680082 1.2821541999680082 0
1554105194 0 0 0 1.2821541999680082 1.2821541999680082 0
1554105234 0 0 0 1.2821541999680082 1.2821541999680082 0
1554105274 0 0 0 1.2821541999680082 1.2821541999680082 0
1554105314 0 0 0 1.2821541999680082 1.2821541999680082 0
1554105354 1 0 0 1.2821541999680082 1.2821541999680082 0
1554105394 4 0 0 1.2821541999680082 1.2821541999680082 0
1554105434 1 0 0 1.2821541999680082 1.2821541999680082 0
1554105474 5 0 0 1.2821541999680082 1.2821541999680082 0
1554105514 0 0 0 1.2821541999680082 1.2821541999680082 0
1554105554 4 0 0 1.2821541999680082 1.2821541999680082 0
1554105594 1 0 0 1.2821541999680082 1.2821541999680082 0
1554105634 24 132 132 1.2821541999680082 1.2821541999680082 132
1554105674 39 153 153 1.2821541999680082 1.2821541999680082 153
1554105714 37 268 268 1.2821541999680082 1.2821541999680082 268
1554105754 49 156 156 1.2821541999680082 1.2821541999680082 156
1554105794 48 236 236 1.2821541999680082 1.2821541999680082 236
1554105834 22 88 88 1.2821541999680082 1.2821541999680082 88
1554105874 0 0 0 1.2821541999680082 1.2821541999680082 0
1554105914 25 0 0 1.2821541999680082 1.2821541999680082 0
1554105954 38 15 15 1.2821541999680082 1.2821541999680082 15
1554105994 43 102 102 1.2821541999680082 1.2821541999680082 102
1554106034 55 132 132 1.2821541999680082 1.2821541999680082 132
1554106074 0 0 0 1.2821541999680082 1.2821541999680082 0
1554106114 36 263 263 1.2821541999680082 1.2821541999680082 263
1554106154 43 358 358 1.2821541999680082 1.2821541999680082 358
1554106194 60 252 252 1.2821541999680082 1.2821541999680082 252
1554106234 48 105 105 1.2821541999680082 1.2821541999680082 105
1554106274 33 27 27 1.2821541999680082 1.2821541999680082 27
1554106314 0 0 0 1.2821541999680082 1.2821541999680082 0
1554106354 0 0 0 1.2821541999680082 1.2821541999680082 0
1554106394 0 0 0 1.2821541999680082 1.2821541999680082 0
1554106434 0 0 0 1.2821541999680082 1.2821541999680082 0
1554106474 0 0 0 1.2821541999680082 1.2821541999680082 0
1554106514 0 0 0 1.2821541999680082 1.2821541999680082 0
1554106554 0 0 0 1.2821541999680082 1.2821541999680082 0
1554106594 0 0 0 1.2821541999680082 1.2821541999680082 0
1554106634 0 0 0 1.2821541999680082 1.2821541999680082 0
1554106674 0 0 0 1.2821541999680082 1.2821541999680082 0
1554106714 0 0 0 1.2821541999680082 1.2821541999680082 0
1554106754 0 0 0 1.2821541999680082 1.2821541999680082 0
1554106795 0 0 0 1.2821541999680082 1.2821541999680082 0
1554106835 2 0 0 1.2821541999680082 1.2821541999680082 0
1554106875 0 0 0 1.2821541999680082 1.2821541999680082 0
1554106915 0 0 0 1.2821541999680082 1.2821541999680082 0
1554106955 0 0 0 1.2821541999680082 1.2821541999680082 0
1554106995 0 0 0 1.2821541999680082 1.2821541999680082 0
1554107035 0 0 0 1.2821541999680082 1.2821541999680082 0
1554107075 0 0 0 1.2821541999680082 1.2821541999680082 0
1554107115 0 0 0 1.2821541999680082 1.2821541999680082 0
1554107155 0 0 0 1.2821541999680082 1.2821541999680082 0
1554107195 0 0 0 1.2821541999680082 1.2821541999680082 0
1554107235 0 0 0 1.2821541999680082 1.2821541999680082 0
1554107275 0 0 0 1.2821541999680082 1.2821541999680082 0
1554107315 0 0 0 1.2821541999680082 1.2821541999680082 0
1554107355 0 0 0 1.2821541999680082 1.2821541999680082 0
1554107395 0 0 0 1.2821541999680082 1.2821541999680082 0
1554107435 0 0 0 1.2821541999680082 1.2821541999680082 0
1554107475 0 0 0 1.2821541999680082 1.2821541999680082 0
1554107515 0 0 0 1.2821541999680082 1.2821541999680082 0
1554107555 0 0 0 1.2821541999680082 1.2821541999680082 0
1554107595 0 0 0 1.2821541999680082 1.2821541999680082 0
1554107635 0 0 0 1.2821541999680082 1.2821541999680082 0
1554107675 0 0 0 1.2821541999680082 1.2821541999680082 0
1554107715 0 0 0 1.2821541999680082 1.2821541999680082 0
1554107755 0 0 0 1.2821541999680082 1.2821541999680082 0
1554107795 0 0 0 1.2821541999680082 1.2821541999680082 0
1554107835 0 0 0 1.2821541999680082 1.2821541999680082 0
1554107875 0 0 0 1.2821541999680082 1.2821541999680082 0
1554107915 0 0 0 1.2821541999680082 1.2821541999680082 0
1554107955 0 0 0 1.2821541999680082 1.2821541999680082 0
1554107995 0 0 0 1.2821541999680082 1.2821541999680082 0
1554108035 0 0 0 1.2821541999680082 1.2821541999680082 0
1554108075 0 0 0 1.2821541999680082 1.2821541999680082 0
1554108115 0 0 0 1.2821541999680082 1.2821541999680082 0
1554108155 0 0 0 1.2821541999680082 1.2821541999680082 0
1554108195 0 0 0 1.2821541999680082 1.2821541999680082 0
1554108235 0 0 0 1.2821541999680082 1.2821541999680082 0
1554108275 0 0 0 1.2821541999680082 1.2821541999680082 0
1554108315 0 0 0 1.2821541999680082 1.2821541999680082 0
1554108355 0 0 0 1.2821541999680082 1.2821541999680082 0
1554108395 0 0 0 1.2821541999680082 1.2821541999680082 0
1554108435 0 0 0 1.2821541999680082 1.2821541999680082 0
1554108475 0 0 0 1.2821541999680082 1.2821541999680082 0
1554108515 0 0 0 1.2821541999680082 1.2821541999680082 0
1554108555 0 0 0 1.2821541999680082 1.2821541999680082 0
1554108595 0 0 0 1.2821541999680082 1.2821541999680082 0
1554108635 0 0 0 1.2821541999680082 1.2821541999680082 0
1554108675 0 0 0 1.2821541999680082 1.2821541999680082 0
1554108715 4 0 0 1.2821541999680082 1.2821541999680082 0
1554108755 0 0 0 1.2821541999680082 1.2821541999680082 0
1554108795 0 0 0 1.2821541999680082 1.2821541999680082 0
1554108835 2 0 0 1.2821541999680082 1.2821541999680082 0
1554108875 0 0 0 1.2821541999680082 1.2821541999680082 0
1554108915 0 0 0 1.2821541999680082 1.2821541999680082 0
1554108955 0 0 0 1.2821541999680082 1.2821541999680082 0
1554108995 1 0 0 1.2821541999680082 1.2821541999680082 0
1554109035 0 0 0 1.2821541999680082 1.2821541999680082 0
1554109075 0 0 0 1.2821541999680082 1.2821541999680082 0
1554109115 0 0 0 1.2821541999680082 1.2821541999680082 0
1554109155 0 0 0 1.2821541999680082 1.2821541999680082 0
1554109195 0 0 0 1.2821541999680082 1.2821541999680082 0
1554109235 0 0 0 1.2821541999680082 1.2821541999680082 0
1554109275 0 0 0 1.2821541999680082 1.2821541999680082 0
1554109316 0 0 0 1.2821541999680082 1.2821541999680082 0
1554109356 0 0 0 1.2821541999680082 1.2821541999680082 0
1554109396 0 0 0 1.2821541999680082 1.2821541999680082 0
1554109436 0 0 0 1.2821541999680082 1.2821541999680082 0
1554109476 0 0 0 1.2821541999680082 1.2821541999680082 0
1554109516 0 0 0 1.2821541999680082 1.2821541999680082 0
1554109556 0 0 0 1.2821541999680082 1.2821541999680082 0
1554109596 0 0 0 1.2821541999680082 1.2821541999680082 0
1554109636 0 0 0 1.2821541999680082 1.2821541999680082 0
1554109676 0 0 0 1.2821541999680082 1.2821541999680082 0
1554109716 0 0 0 1.2821541999680082 1.2821541999680082 0
1554109756 0 0 0 1.2821541999680082 1.2821541999680082 0
1554109796 0 0 0 1.2821541999680082 1.2821541999680082 0
1554109836 0 0 0 1.2821541999680082 1.2821541999680082 0
1554109876 0 0 0 1.2821541999680082 1.2821541999680082 0
1554109916 0 0 0 1.2821541999680082 1.2821541999680082 0
1554109956 0 0 0 1.2821541999680082 1.2821541999680082 0
1554109996 0 0 0 1.2821541999680082 1.2821541999680082 0
1554110036 0 0 0 1.2821541999680082 1.2821541999680082 0
1554110076 0 0 0 1.2821541999680082 1.2821541999680082 0
1554110116 0 0 0 1.2821541999680082 1.2821541999680082 0
1554110156 0 0 0 1.2821541999680082 1.2821541999680082 0
1554110196 0 0 0 1.2821541999680082 1.2821541999680082 0
1554110236 0 0 0 1.2821541999680082 1.2821541999680082 0
1554110276 0 0 0 1.2821541999680082 1.2821541999680082 0
1554110316 0 0 0 1.2821541999680082 1.2821541999680082 0
1554110356 0 0 0 1.2821541999680082 1.2821541999680082 0
1554110396 0 0 0 1.2821541999680082 1.2821541999680082 0
1554110436 2 0 0 1.2821541999680082 1.2821541999680082 0
1554110476 0 0 0 1.2821541999680082 1.2821541999680082 0
1554110516 0 0 0 1.2821541999680082 1.2821541999680082 0
1554110556 2 0 0 1.2821541999680082 1.2821541999680082 0
1554110596 0 0 0 1.2821541999680082 1.2821541999680082 0
1554110636 0 0 0 1.2821541999680082 1.2821541999680082 0
1554110676 0 0 0 1.2821541999680082 1.2821541999680082 0
1554110716 2 0 0 1.2821541999680082 1.2821541999680082 0
1554110756 3 0 0 1.2821541999680082 1.2821541999680082 0
1554110796 5 0 0 1.2821541999680082 1.2821541999680082 0
1554110836 0 0 0 1.2821541999680082 1.2821541999680082 0
1554110876 0 0 0 1.2821541999680082 1.2821541999680082 0
1554110916 0 0 0 1.2821541999680082 1.2821541999680082 0
1554110956 3 41 41 1.2821541999680082 1.2821541999680082 41
1554110996 0 0 0 1.2821541999680082 1.2821541999680082 0
1554111036 0 0 0 1.2821541999680082 1.2821541999680082 0
1554111076 0 0 0 1.2821541999680082 1.2821541999680082 0
1554111116 0 0 0 1.2821541999680082 1.2821541999680082 0
1554111156 0 0 0 1.2821541999680082 1.2821541999680082 0
1554111196 0 0 0 1.2821541999680082 1.2821541999680082 0
1554111236 0 0 0 1.2821541999680082 1.2821541999680082 0
1554111276 0 0 0 1.2821541999680082 1.2821541999680082 0
1554111316 0 0 0 1.2821541999680082 1.2821541999680082 0
1554111356 0 0 0 1.2821541999680082 1.2821541999680082 0
1554111396 0 0 0 1.2821541999680082 1.2821541999680082 0
1554111436 0 0 0 1.2821541999680082 1.2821541999680082 0
1554111476 0 0 0 1.2821541999680082 1.2821541999680082 0
1554111516 0 0 0 1.2821541999680082 1.2821541999680082 0
1554111556 0 0 0 1.2821541999680082 1.2821541999680082 0
1554111596 0 0 0 1.2821541999680082 1.2821541999680082 0
1554111636 0 0 0 1.2821541999680082 1.2821541999680082 0
1554111676 0 0 0 1.2821541999680082 1.2821541999680082 0
1554111716 0 0 0 1.2821541999680082 1.2821541999680082 0
1554111756 0 0 0 1.2821541999680082 1.2821541999680082 0
1554111796 0 0 0 1.2821541999680082 1.2821541999680082 0
1554111837 0 0 0 1.2821541999680082 1.2821541999680082 0
1554111877 0 0 0 1.2821541999680082 1.2821541999680082 0
1554111917 0 0 0 1.2821541999680082 1.2821541999680082 0
1554111957 0 0 0 1.2821541999680082 1.2821541999680082 0
1554111997 0 0 0 1.2821541999680082 1.2821541999680082 0
1554112037 0 0 0 1.2821541999680082 1.2821541999680082 0
1554112077 0 0 0 1.2821541999680082 1.2821541999680082 0
1554112117 0 0 0 1.2821541999680082 1.2821541999680082 0
1554112157 0 0 0 1.2821541999680082 1.2821541999680082 0
1554112197 0 0 0 1.2821541999680082 1.2821541999680082 0
1554112237 0 0 0 1.2821541999680082 1.2821541999680082 0
1554112277 0 0 0 1.2821541999680082 1.2821541999680082 0
1554112317 0 0 0 1.2821541999680082 1.2821541999680082 0
1554112357 0 0 0 1.2821541999680082 1.2821541999680082 0
1554112397 0 0 0 1.2821541999680082 1.2821541999680082 0
1554112437 0 0 0 1.2821541999680082 1.2821541999680082 0
1554112477 0 0 0 1.2821541999680082 1.2821541999680082 0
1554112517 0 0 0 1.2821541999680082 1.2821541999680082 0
1554112557 0 0 0 1.2821541999680082 1.2821541999680082 0
1554112597 0 0 0 1.2821541999680082 1.2821541999680082 0
1554112637 0 0 0 1.2821541999680082 1.2821541999680082 0
1554112677 0 0 0 1.2821541999680082 1.2821541999680082 0
1554112717 0 0 0 1.2821541999680082 1.2821541999680082 0
1554112757 0 0 0 1.2821541999680082 1.2821541999680082 0
1554112797 0 0 0 1.2821541999680082 1.2821541999680082 0
1554112837 0 0 0 1.2821541999680082 1.2821541999680082 0
1554112877 0 0 0 1.2821541999680082 1.2821541999680082 0
1554112917 0 0 0 1.2821541999680082 1.2821541999680082 0
1554112957 0 0 0 1.2821541999680082 1.2821541999680082 0
1554112997 0 0 0 1.2821541999680082 1.2821541999680082 0
1554113037 0 0 0 1.2821541999680082 1.2821541999680082 0
1554113077 0 0 0 1.2821541999680082 1.2821541999680082 0
1554113117 0 0 0 1.2821541999680082 1.2821541999680082 0
1554113157 0 0 0 1.2821541999680082 1.2821541999680082 0
1554113197 0 0 0 1.2821541999680082 1.2821541999680082 0
1554113237 0 0 0 1.2821541999680082 1.2821541999680082 0
1554113277 0 0 0 1.2821541999680082 1.2821541999680082 0
1554113317 0 0 0 1.2821541999680082 1.2821541999680082 0
1554113357 0 0 0 1.2821541999680082 1.2821541999680082 0
1554113397 0 0 0 1.2821541999680082 1.2821541999680082 0
1554113437 0 0 0 1.2821541999680082 1.2821541999680082 0
1554113477 0 0 0 1.2821541999680082 1.2821541999680082 0
1554113517 30 80 80 1.2821541999680082 1.2821541999680082 80
1554113557 15 0 0 1.2821541999680082 1.2821541999680082 0
1554113597 0 0 0 1.2821541999680082 1.2821541999680082 0
1554113637 0 0 0 1.2821541999680082 1.2821541999680082 0
1554113677 0 0 0 1.2821541999680082 1.2821541999680082 0
1554113717 0 0 0 1.2821541999680082 1.2821541999680082 0
1554113757 0 0 0 1.2821541999680082 1.2821541999680082 0
1554113797 0 0 0 1.2821541999680082 1.2821541999680082 0
1554113837 0 0 0 1.2821541999680082 1.2821541999680082 0
1554113877 0 0 0 1.2821541999680082 1.2821541999680082 0
1554113917 0 0 0 1.2821541999680082 1.2821541999680082 0
1554113957 2 0 0 1.2821541999680082 1.2821541999680082 0
1554113997 13 0 0 1.2821541999680082 1.2821541999680082 0
1554114037 10 0 0 1.2821541999680082 1.2821541999680082 0
1554114077 13 0 0 1.2821541999680082 1.2821541999680082 0
1554114117 6 0 0 1.2821541999680082 1.2821541999680082 0
1554114157 0 0 0 1.2821541999680082 1.2821541999680082 0
1554114197 0 0 0 1.2821541999680082 1.2821541999680082 0
1554114237 0 0 0 1.2821541999680082 1.2821541999680082 0
1554114277 0 0 0 1.2821541999680082 1.2821541999680082 0
1554114317 0 0 0 1.2821541999680082 1.2821541999680082 0
1554114358 0 0 0 1.2821541999680082 1.2821541999680082 0
1554114398 0 0 0 1.2821541999680082 1.2821541999680082 0
1554114438 14 86 86 1.2821541999680082 1.2821541999680082 86
1554114478 8 0 0 1.2821541999680082 1.2821541999680082 0
1554114518 3 0 0 1.2821541999680082 1.2821541999680082 0
1554114558 10 0 0 1.2821541999680082 1.2821541999680082 0
1554114598 5 0 0 1.2821541999680082 1.2821541999680082 0
1554114638 2 0 0 1.2821541999680082 1.2821541999680082 0
1554114678 7 0 0 1.2821541999680082 1.2821541999680082 0
1554114718 5 0 0 1.2821541999680082 1.2821541999680082 0
1554114758 1 0 0 1.2821541999680082 1.2821541999680082 0
1554114798 2 0 0 1.2821541999680082 1.2821541999680082 0
1554114838 4 0 0 1.2821541999680082 1.2821541999680082 0
1554114878 0 0 0 1.2821541999680082 1.2821541999680082 0
1554114918 0 0 0 1.2821541999680082 1.2821541999680082 0
1554114958 0 0 0 1.2821541999680082 1.2821541999680082 0
1554114998 0 0 0 1.2821541999680082 1.2821541999680082 0
1554115038 0 0 0 1.2821541999680082 1.2821541999680082 0
1554115078 0 0 0 1.2821541999680082 1.2821541999680082 0
1554115118 2 0 0 1.2821541999680082 1.2821541999680082 0
1554115158 1 0 0 1.2821541999680082 1.2821541999680082 0
1554115198 1 0 0 1.2821541999680082 1.2821541999680082 0
1554115238 1 0 0 1.2821541999680082 1.2821541999680082 0
1554115278 1 0 0 1.2821541999680082 1.2821541999680082 0
1554115318 2 0 0 1.2821541999680082 1.2821541999680082 0
1554115358 0 0 0 1.2821541999680082 1.2821541999680082 0
1554115398 1 0 0 1.2821541999680082 1.2821541999680082 0
1554115438 0 0 0 1.2821541999680082 1.2821541999680082 0
1554115478 0 0 0 1.2821541999680082 1.2821541999680082 0
1554115518 0 0 0 1.2821541999680082 1.2821541999680082 0
1554115558 0 0 0 1.2821541999680082 1.2821541999680082 0
1554115598 0 0 0 1.2821541999680082 1.2821541999680082 0
1554115638 0 0 0 1.2821541999680082 1.2821541999680082 0
1554115678 5 0 0 1.2821541999680082 1.2821541999680082 0
1554115718 0 0 0 1.2821541999680082 1.2821541999680082 0
1554115758 0 0 0 1.2821541999680082 1.2821541999680082 0
1554115798 0 0 0 1.2821541999680082 1.2821541999680082 0
1554115838 0 0 0 1.2821541999680082 1.2821541999680082 0
1554115878 0 0 0 1.2821541999680082 1.2821541999680082 0
1554115918 2 0 0 1.2821541999680082 1.2821541999680082 0
1554115958 10 0 0 1.2821541999680082 1.2821541999680082 0
1554115998 2 0 0 1.2821541999680082 1.2821541999680082 0
1554116038 9 0 0 1.2821541999680082 1.2821541999680082 0
1554116078 8 0 0 1.2821541999680082 1.2821541999680082 0
1554116118 8 0 0 1.2821541999680082 1.2821541999680082 0
1554116158 6 0 0 1.2821541999680082 1.2821541999680082 0
1554116198 5 0 0 1.2821541999680082 1.2821541999680082 0
1554116238 1 0 0 1.2821541999680082 1.2821541999680082 0
1554116278 0 0 0 1.2821541999680082 1.2821541999680082 0
1554116318 3 0 0 1.2821541999680082 1.2821541999680082 0
1554116358 0 0 0 1.2821541999680082 1.2821541999680082 0
1554116398 3 0 0 1.2821541999680082 1.2821541999680082 0
1554116438 14 0 0 1.2821541999680082 1.2821541999680082 0
1554116478 10 0 0 1.2821541999680082 1.2821541999680082 0
1554116518 5 0 0 1.2821541999680082 1.2821541999680082 0
1554116558 15 0 0 1.2821541999680082 1.2821541999680082 0
1554116598 19 54 54 1.2821541999680082 1.2821541999680082 54
1554116638 0 0 0 1.2821541999680082 1.2821541999680082 0
1554116678 0 0 0 1.2821541999680082 1.2821541999680082 0
1554116718 0 0 0 1.2821541999680082 1.2821541999680082 0
1554116758 0 0 0 1.2821541999680082 1.2821541999680082 0
1554116798 0 0 0 1.2821541999680082 1.2821541999680082 0
1554116838 4 0 0 1.2821541999680082 1.2821541999680082 0
1554116879 0 0 0 1.2821541999680082 1.2821541999680082 0
1554116919 0 0 0 1.2821541999680082 1.2821541999680082 0
1554116959 0 0 0 1.2821541999680082 1.2821541999680082 0
1554116999 0 0 0 1.2821541999680082 1.2821541999680082 0
1554117039 0 0 0 1.2821541999680082 1.2821541999680082 0
1554117079 0 0 0 1.2821541999680082 1.2821541999680082 0
1554117119 0 0 0 1.2821541999680082 1.2821541999680082 0
1554117159 0 0 0 1.2821541999680082 1.2821541999680082 0
1554117199 0 0 0 1.2821541999680082 1.2821541999680082 0
1554117239 0 0 0 1.2821541999680082 1.2821541999680082 0
1554117279 0 0 0 1.2821541999680082 1.2821541999680082 0
1554117319 0 0 0 1.2821541999680082 1.2821541999680082 0
1554117359 0 0 0 1.2821541999680082 1.2821541999680082 0
1554117399 0 0 0 1.2821541999680082 1.2821541999680082 0
1554117439 0 0 0 1.2821541999680082 1.2821541999680082 0
1554117479 0 0 0 1.2821541999680082 1.2821541999680082 0
1554117519 0 0 0 1.2821541999680082 1.2821541999680082 0
1554117559 4 0 0 1.2821541999680082 1.2821541999680082 0
1554117599 5 0 0 1.2821541999680082 1.2821541999680082 0
1554117639 0 0 0 1.2821541999680082 1.2821541999680082 0
1554117679 0 0 0 1.2821541999680082 1.2821541999680082 0
1554117719 0 0 0 1.2821541999680082 1.2821541999680082 0
1554117759 5 0 0 1.2821541999680082 1.2821541999680082 0
1554117799 4 0 0 1.2821541999680082 1.2821541999680082 0
1554117839 3 0 0 1.2821541999680082 1.2821541999680082 0
1554117879 2 0 0 1.2821541999680082 1.2821541999680082 0
1554117919 0 0 0 1.2821541999680082 1.2821541999680082 0
1554117959 4 0 0 1.2821541999680082 1.2821541999680082 0
1554117999 5 0 0 1.2821541999680082 1.2821541999680082 0
1554118039 1 0 0 1.2821541999680082 1.2821541999680082 0
1554118079 2 0 0 1.2821541999680082 1.2821541999680082 0
1554118119 0 0 0 1.2821541999680082 1.2821541999680082 0
1554118159 1 0 0 1.2821541999680082 1.2821541999680082 0
1554118199 2 0 0 1.2821541999680082 1.2821541999680082 0
1554118239 1 0 0 1.2821541999680082 1.2821541999680082 0
1554118279 2 0 0 1.2821541999680082 1.2821541999680082 0
1554118319 0 0 0 1.2821541999680082 1.2821541999680082 0
1554118359 0 0 0 1.2821541999680082 1.2821541999680082 0
1554118399 0 0 0 1.2821541999680082 1.2821541999680082 0
1554118439 1 0 0 1.2821541999680082 1.2821541999680082 0
1554118479 1 0 0 1.2821541999680082 1.2821541999680082 0
1554118519 0 0 0 1.2821541999680082 1.2821541999680082 0
1554118559 0 0 0 1.2821541999680082 1.2821541999680082 0
1554118599 0 0 0 1.2821541999680082 1.2821541999680082 0
1554118639 11 13 13 1.2821541999680082 1.2821541999680082 13
1554118679 9 4 4 1.2821541999680082 1.2821541999680082 4
1554118719 0 0 0 1.2821541999680082 1.2821541999680082 0
1554118759 0 0 0 1.2821541999680082 1.2821541999680082 0
1554118799 0 0 0 1.2821541999680082 1.2821541999680082 0
1554118839 1 0 0 1.2821541999680082 1.2821541999680082 0
1554118879 3 0 0 1.2821541999680082 1.2821541999680082 0
1554118919 5 0 0 1.2821541999680082 1.2821541999680082 0
1554118959 0 0 0 1.2821541999680082 1.2821541999680082 0
1554118999 3 0 0 1.2821541999680082 1.2821541999680082 0
1554119039 2 0 0 1.2821541999680082 1.2821541999680082 0
1554119079 3 0 0 1.2821541999680082 1.2821541999680082 0
1554119119 0 0 0 1.2821541999680082 1.2821541999680082 0
1554119159 2 0 0 1.2821541999680082 1.2821541999680082 0
1554119199 0 0 0 1.2821541999680082 1.2821541999680082 0
1554119239 0 0 0 1.2821541999680082 1.2821541999680082 0
1554119279 0 0 0 1.2821541999680082 1.2821541999680082 0
1554119319 0 0 0 1.2821541999680082 1.2821541999680082 0
1554119359 0 0 0 1.2821541999680082 1.2821541999680082 0
1554119400 0 0 0 1.2821541999680082 1.2821541999680082 0
1554119440 0 0 0 1.2821541999680082 1.2821541999680082 0
1554119480 0 0 0 1.2821541999680082 1.2821541999680082 0
1554119520 4 0 0 1.2821541999680082 1.2821541999680082 0
1554119560 2 0 0 1.2821541999680082 1.2821541999680082 0
1554119600 1 0 0 1.2821541999680082 1.2821541999680082 0
1554119640 0 0 0 1.2821541999680082 1.2821541999680082 0
1554119680 5 0 0 1.2821541999680082 1.2821541999680082 0
1554119720 7 17 17 1.2821541999680082 1.2821541999680082 17
1554119760 0 0 0 1.2821541999680082 1.2821541999680082 0
1554119800 0 0 0 1.2821541999680082 1.2821541999680082 0
1554119840 0 0 0 1.2821541999680082 1.2821541999680082 0
1554119880 0 0 0 1.2821541999680082 1.2821541999680082 0
1554119920 0 0 0 1.2821541999680082 1.2821541999680082 0
1554119960 0 0 0 1.2821541999680082 1.2821541999680082 0
1554120000 0 0 0 1.2821541999680082 1.2821541999680082 0
1554120040 0 0 0 1.2821541999680082 1.2821541999680082 0
1554120080 0 0 0 1.2821541999680082 1.2821541999680082 0
1554120120 0 0 0 1.2821541999680082 1.2821541999680082 0
1554120160 0 0 0 1.2821541999680082 1.2821541999680082 0
1554120200 0 0 0 1.2821541999680082 1.2821541999680082 0
1554120240 0 0 0 1.2821541999680082 1.2821541999680082 0
1554120280 0 0 0 1.2821541999680082 1.2821541999680082 0
1554120320 0 0 0 1.2821541999680082 1.2821541999680082 0
1554120360 0 0 0 1.2821541999680082 1.2821541999680082 0
1554120400 0 0 0 1.2821541999680082 1.2821541999680082 0
1554120440 0 0 0 1.2821541999680082 1.2821541999680082 0
1554120480 2 0 0 1.2821541999680082 1.2821541999680082 0
1554120520 0 0 0 1.2821541999680082 1.2821541999680082 0
1554120560 0 0 0 1.2821541999680082 1.2821541999680082 0
1554120600 0 0 0 1.2821541999680082 1.2821541999680082 0
1554120640 0 0 0 1.2821541999680082 1.2821541999680082 0
1554120680 0 0 0 1.2821541999680082 1.2821541999680082 0
1554120720 0 0 0 1.2821541999680082 1.2821541999680082 0
1554120760 0 0 0 1.2821541999680082 1.2821541999680082 0
1554120800 0 0 0 1.2821541999680082 1.2821541999680082 0
1554120840 0 0 0 1.2821541999680082 1.2821541999680082 0
1554120880 0 0 0 1.2821541999680082 1.2821541999680082 0
1554120920 0 0 0 1.2821541999680082 1.2821541999680082 0
1554120960 0 0 0 1.2821541999680082 1.2821541999680082 0
1554121000 0 0 0 1.2821541999680082 1.2821541999680082 0
1554121040 0 0 0 1.2821541999680082 1.2821541999680082 0
1554121080 0 0 0 1.2821541999680082 1.2821541999680082 0
1554121120 0 0 0 1.2821541999680082 1.2821541999680082 0
1554121160 0 0 0 1.2821541999680082 1.2821541999680082 0
1554121200 0 0 0 1.2821541999680082 1.2821541999680082 0
1554121240 0 0 0 1.2821541999680082 1.2821541999680082 0
1554121280 0 0 0 1.2821541999680082 1.2821541999680082 0
1554121320 0 0 0 1.2821541999680082 1.2821541999680082 0
1554121360 0 0 0 1.2821541999680082 1.2821541999680082 0
1554121400 0 0 0 1.2821541999680082 1.2821541999680082 0
1554121440 0 0 0 1.2821541999680082 1.2821541999680082 0
1554121480 0 0 0 1.2821541999680082 1.2821541999680082 0
1554121520 0 0 0 1.2821541999680082 1.2821541999680082 0
1554121560 0 0 0 1.2821541999680082 1.2821541999680082 0
1554121600 0 0 0 1.2821541999680082 1.2821541999680082 0
1554121640 0 0 0 1.2821541999680082 1.2821541999680082 0
1554121680 0 0 0 1.2821541999680082 1.2821541999680082 0
1554121720 0 0 0 1.2821541999680082 1.2821541999680082 0
1554121760 0 0 0 1.2821541999680082 1.2821541999680082 0
1554121800 0 0 0 1.2821541999680082 1.2821541999680082 0
1554121840 2 0 0 1.2821541999680082 1.2821541999680082 0
1554121880 0 0 0 1.2821541999680082 1.2821541999680082 0
1554121921 1 0 0 1.2821541999680082 1.2821541999680082 0
1554121961 1 0 0 1.2821541999680082 1.2821541999680082 0
1554122001 0 0 0 1.2821541999680082 1.2821541999680082 0
1554122041 3 0 0 1.2821541999680082 1.2821541999680082 0
1554122081 4 0 0 1.2821541999680082 1.2821541999680082 0
1554122121 0 0 0 1.2821541999680082 1.2821541999680082 0
1554122161 0 0 0 1.2821541999680082 1.2821541999680082 0
1554122201 3 0 0 1.2821541999680082 1.2821541999680082 0
1554122241 1 0 0 1.2821541999680082 1.2821541999680082 0
1554122281 2 0 0 1.2821541999680082 1.2821541999680082 0
1554122321 1 0 0 1.2821541999680082 1.2821541999680082 0
1554122361 1 0 0 1.2821541999680082 1.2821541999680082 0
1554122401 0 0 0 1.2821541999680082 1.2821541999680082 0
1554122441 0 0 0 1.2821541999680082 1.2821541999680082 0
1554122481 0 0 0 1.2821541999680082 1.2821541999680082 0
1554122521 0 0 0 1.2821541999680082 1.2821541999680082 0
1554122561 0 0 0 1.2821541999680082 1.2821541999680082 0
1554122601 0 0 0 1.2821541999680082 1.2821541999680082 0
1554122641 0 0 0 1.2821541999680082 1.2821541999680082 0
1554122681 0 0 0 1.2821541999680082 1.2821541999680082 0
1554122721 0 0 0 1.2821541999680082 1.2821541999680082 0
1554122761 0 0 0 1.2821541999680082 1.2821541999680082 0
1554122801 0 0 0 1.2821541999680082 1.2821541999680082 0
1554122841 0 0 0 1.2821541999680082 1.2821541999680082 0
1554122881 1 0 0 1.2821541999680082 1.2821541999680082 0
1554122921 0 0 0 1.2821541999680082 1.2821541999680082 0
1554122961 1 0 0 1.2821541999680082 1.2821541999680082 0
1554123001 0 0 0 1.2821541999680082 1.2821541999680082 0
1554123041 0 0 0 1.2821541999680082 1.2821541999680082 0
1554123081 0 0 0 1.2821541999680082 1.2821541999680082 0
1554123121 0 0 0 1.2821541999680082 1.2821541999680082 0
1554123161 0 0 0 1.2821541999680082 1.2821541999680082 0
1554123201 0 0 0 1.2821541999680082 1.2821541999680082 0
1554123241 0 0 0 1.2821541999680082 1.2821541999680082 0
1554123281 0 0 0 1.2821541999680082 1.2821541999680082 0
1554123321 0 0 0 1.2821541999680082 1.2821541999680082 0
1554123361 0 0 0 1.2821541999680082 1.2821541999680082 0
1554123401 0 0 0 1.2821541999680082 1.2821541999680082 0
1554123441 0 0 0 1.2821541999680082 1.2821541999680082 0
1554123481 0 0 0 1.2821541999680082 1.2821541999680082 0
1554123521 0 0 0 1.2821541999680082 1.2821541999680082 0
1554123561 0 0 0 1.2821541999680082 1.2821541999680082 0
1554123601 0 0 0 1.2821541999680082 1.2821541999680082 0
1554123641 0 0 0 1.2821541999680082 1.2821541999680082 0
1554123681 0 0 0 1.2821541999680082 1.2821541999680082 0
1554123721 4 0 0 1.2821541999680082 1.2821541999680082 0
1554123761 2 0 0 1.2821541999680082 1.2821541999680082 0
1554123801 0 0 0 1.2821541999680082 1.2821541999680082 0
1554123841 0 0 0 1.2821541999680082 1.2821541999680082 0
1554123881 0 0 0 1.2821541999680082 1.2821541999680082 0
1554123921 0 0 0 1.2821541999680082 1.2821541999680082 0
1554123961 0 0 0 1.2821541999680082 1.2821541999680082 0
1554124001 0 0 0 1.2821541999680082 1.2821541999680082 0
1554124041 0 0 0 1.2821541999680082 1.2821541999680082 0
1554124081 0 0 0 1.2821541999680082 1.2821541999680082 0
1554124121 0 0 0 1.2821541999680082 1.2821541999680082 0
1554124161 0 0 0 1.2821541999680082 1.2821541999680082 0
1554124201 0 0 0 1.2821541999680082 1.2821541999680082 0
1554124241 0 0 0 1.2821541999680082 1.2821541999680082 0
1554124281 0 0 0 1.2821541999680082 1.2821541999680082 0
1554124321 0 0 0 1.2821541999680082 1.2821541999680082 0
1554124361 0 0 0 1.2821541999680082 1.2821541999680082 0
1554124401 0 0 0 1.2821541999680082 1.2821541999680082 0
1554124442 0 0 0 1.2821541999680082 1.2821541999680082 0
1554124482 0 0 0 1.2821541999680082 1.2821541999680082 0
1554124522 0 0 0 1.2821541999680082 1.2821541999680082 0
1554124562 0 0 0 1.2821541999680082 1.2821541999680082 0
1554124602 0 0 0 1.2821541999680082 1.2821541999680082 0
1554124642 0 0 0 1.2821541999680082 1.2821541999680082 0
1554124682 0 0 0 1.2821541999680082 1.2821541999680082 0
1554124722 0 0 0 1.2821541999680082 1.2821541999680082 0
1554124762 0 0 0 1.2821541999680082 1.2821541999680082 0
1554124802 0 0 0 1.2821541999680082 1.2821541999680082 0
1554124842 0 0 0 1.2821541999680082 1.2821541999680082 0
1554124882 0 0 0 1.2821541999680082 1.2821541999680082 0
1554124922 0 0 0 1.2821541999680082 1.2821541999680082 0
1554124962 0 0 0 1.2821541999680082 1.2821541999680082 0
1554125002 0 0 0 1.2821541999680082 1.2821541999680082 0
1554125042 0 0 0 1.2821541999680082 1.2821541999680082 0
1554125082 0 0 0 1.2821541999680082 1.2821541999680082 0
1554125122 0 0 0 1.2821541999680082 1.2821541999680082 0
1554125162 0 0 0 1.2821541999680082 1.2821541999680082 0
1554125202 0 0 0 1.2821541999680082 1.2821541999680082 0
1554125242 0 0 0 1.2821541999680082 1.2821541999680082 0
1554125282 0 0 0 1.2821541999680082 1.2821541999680082 0
1554125322 0 0 0 1.2821541999680082 1.2821541999680082 0
1554125362 0 0 0 1.2821541999680082 1.2821541999680082 0
1554125402 0 0 0 1.2821541999680082 1.2821541999680082 0
1554125442 0 0 0 1.2821541999680082 1.2821541999680082 0
1554125482 0 0 0 1.2821541999680082 1.2821541999680082 0
1554125522 0 0 0 1.2821541999680082 1.2821541999680082 0
1554125562 3 0 0 1.2821541999680082 1.2821541999680082 0
1554125602 4 0 0 1.2821541999680082 1.2821541999680082 0
1554125642 1 0 0 1.2821541999680082 1.2821541999680082 0
1554125682 2 16 16 1.2821541999680082 1.2821541999680082 16
1554125722 0 0 0 1.2821541999680082 1.2821541999680082 0
1554125762 0 0 0 1.2821541999680082 1.2821541999680082 0
1554125802 0 0 0 1.2821541999680082 1.2821541999680082 0
1554125842 0 0 0 1.2821541999680082 1.2821541999680082 0
1554125882 3 0 0 1.2821541999680082 1.2821541999680082 0
1554125922 0 0 0 1.2821541999680082 1.2821541999680082 0
1554125962 0 0 0 1.2821541999680082 1.2821541999680082 0
1554126002 0 0 0 1.2821541999680082 1.2821541999680082 0
1554126042 0 0 0 1.2821541999680082 1.2821541999680082 0
1554126082 1 0 0 1.2821541999680082 1.2821541999680082 0
1554126122 2 0 0 1.2821541999680082 1.2821541999680082 0
1554126162 1 0 0 1.2821541999680082 1.2821541999680082 0
1554126202 2 0 0 1.2821541999680082 1.2821541999680082 0
1554126242 2 0 0 1.2821541999680082 1.2821541999680082 0
1554126282 6 0 0 1.2821541999680082 1.2821541999680082 0
1554126322 4 0 0 1.2821541999680082 1.2821541999680082 0
1554126362 0 0 0 1.2821541999680082 1.2821541999680082 0
1554126402 14 4 4 1.2821541999680082 1.2821541999680082 4
1554126442 10 0 0 1.2821541999680082 1.2821541999680082 0
1554126482 1 0 0 1.2821541999680082 1.2821541999680082 0
1554126522 1 48 48 1.2821541999680082 1.2821541999680082 48
1554126562 0 0 0 1.2821541999680082 1.2821541999680082 0
1554126602 1 0 0 1.2821541999680082 1.2821541999680082 0
1554126642 0 0 0 1.2821541999680082 1.2821541999680082 0
1554126682 0 0 0 1.2821541999680082 1.2821541999680082 0
1554126722 0 0 0 1.2821541999680082 1.2821541999680082 0
1554126762 0 0 0 1.2821541999680082 1.2821541999680082 0
1554126802 0 0 0 1.2821541999680082 1.2821541999680082 0
1554126842 0 0 0 1.2821541999680082 1.2821541999680082 0
1554126882 0 0 0 1.2821541999680082 1.2821541999680082 0
1554126922 0 0 0 1.2821541999680082 1.2821541999680082 0
1554126963 0 0 0 1.2821541999680082 1.2821541999680082 0
1554127003 0 0 0 1.2821541999680082 1.2821541999680082 0
1554127043 0 0 0 1.2821541999680082 1.2821541999680082 0
1554127083 0 0 0 1.2821541999680082 1.2821541999680082 0
1554127123 0 0 0 1.2821541999680082 1.2821541999680082 0
1554127163 0 0 0 1.2821541999680082 1.2821541999680082 0
1554127203 0 0 0 1.2821541999680082 1.2821541999680082 0
1554127243 0 0 0 1.2821541999680082 1.2821541999680082 0
1554127283 0 0 0 1.2821541999680082 1.2821541999680082 0
1554127323 0 0 0 1.2821541999680082 1.2821541999680082 0
1554127363 0 0 0 1.2821541999680082 1.2821541999680082 0
1554127403 0 0 0 1.2821541999680082 1.2821541999680082 0
1554127443 0 0 0 1.2821541999680082 1.2821541999680082 0
1554127483 0 0 0 1.2821541999680082 1.2821541999680082 0
1554127523 0 0 0 1.2821541999680082 1.2821541999680082 0
1554127563 0 0 0 1.2821541999680082 1.2821541999680082 0
1554127603 0 0 0 1.2821541999680082 1.2821541999680082 0
1554127643 0 0 0 1.2821541999680082 1.2821541999680082 0
1554127683 0 0 0 1.2821541999680082 1.2821541999680082 0
1554127723 0 0 0 1.2821541999680082 1.2821541999680082 0
1554127763 0 0 0 1.2821541999680082 1.2821541999680082 0
1554127803 0 0 0 1.2821541999680082 1.2821541999680082 0
1554127843 0 0 0 1.2821541999680082 1.2821541999680082 0
1554127883 5 0 0 1.2821541999680082 1.2821541999680082 0
1554127923 28 111 111 1.2821541999680082 1.2821541999680082 111
1554127963 19 14 14 1.2821541999680082 1.2821541999680082 14
1554128003 27 0 0 1.2821541999680082 1.2821541999680082 0
1554128043 6 0 0 1.2821541999680082 1.2821541999680082 0
1554128083 3 0 0 1.2821541999680082 1.2821541999680082 0
1554128123 0 0 0 1.2821541999680082 1.2821541999680082 0
1554128163 4 0 0 1.2821541999680082 1.2821541999680082 0
1554128203 2 0 0 1.2821541999680082 1.2821541999680082 0
1554128243 0 0 0 1.2821541999680082 1.2821541999680082 0
1554128283 2 0 0 1.2821541999680082 1.2821541999680082 0
1554128323 0 0 0 1.2821541999680082 1.2821541999680082 0
1554128363 0 0 0 1.2821541999680082 1.2821541999680082 0
1554128403 0 0 0 1.2821541999680082 1.2821541999680082 0
1554128443 0 0 0 1.2821541999680082 1.2821541999680082 0
1554128483 0 0 0 1.2821541999680082 1.2821541999680082 0
1554128523 0 0 0 1.2821541999680082 1.2821541999680082 0
1554128563 0 0 0 1.2821541999680082 1.2821541999680082 0
1554128603 0 0 0 1.2821541999680082 1.2821541999680082 0
1554128643 0 0 0 1.2821541999680082 1.2821541999680082 0
1554128683 0 0 0 1.2821541999680082 1.2821541999680082 0
1554128723 0 0 0 1.2821541999680082 1.2821541999680082 0
1554128763 0 0 0 1.2821541999680082 1.2821541999680082 0
1554128803 0 0 0 1.2821541999680082 1.2821541999680082 0
1554128843 0 0 0 1.2821541999680082 1.2821541999680082 0
1554128883 0 0 0 1.2821541999680082 1.2821541999680082 0
1554128923 0 0 0 1.2821541999680082 1.2821541999680082 0
1554128963 0 0 0 1.2821541999680082 1.2821541999680082 0
1554129003 0 0 0 1.2821541999680082 1.2821541999680082 0
1554129043 0 0 0 1.2821541999680082 1.2821541999680082 0
1554129083 0 0 0 1.2821541999680082 1.2821541999680082 0
1554129123 0 0 0 1.2821541999680082 1.2821541999680082 0
1554129163 0 0 0 1.2821541999680082 1.2821541999680082 0
1554129203 0 0 0 1.2821541999680082 1.2821541999680082 0
1554129243 0 0 0 1.2821541999680082 1.2821541999680082 0
1554129283 0 0 0 1.2821541999680082 1.2821541999680082 0
1554129323 0 0 0 1.2821541999680082 1.2821541999680082 0
1554129363 0 0 0 1.2821541999680082 1.2821541999680082 0
1554129403 0 0 0 1.2821541999680082 1.2821541999680082 0
1554129443 0 0 0 1.2821541999680082 1.2821541999680082 0
1554129484 0 0 0 1.2821541999680082 1.2821541999680082 0
1554129524 0 0 0 1.2821541999680082 1.2821541999680082 0
1554129564 0 0 0 1.2821541999680082 1.2821541999680082 0
1554129604 0 0 0 1.2821541999680082 1.2821541999680082 0
1554129644 0 0 0 1.2821541999680082 1.2821541999680082 0
1554129684 0 0 0 1.2821541999680082 1.2821541999680082 0
1554129724 0 0 0 1.2821541999680082 1.2821541999680082 0
1554129764 0 0 0 1.2821541999680082 1.2821541999680082 0
1554129804 0 0 0 1.2821541999680082 1.2821541999680082 0
1554129844 0 0 0 1.2821541999680082 1.2821541999680082 0
1554129884 0 0 0 1.2821541999680082 1.2821541999680082 0
1554129924 0 0 0 1.2821541999680082 1.2821541999680082 0
1554129964 0 0 0 1.2821541999680082 1.2821541999680082 0
1554130004 0 0 0 1.2821541999680082 1.2821541999680082 0
1554130044 0 0 0 1.2821541999680082 1.2821541999680082 0
1554130084 0 0 0 1.2821541999680082 1.2821541999680082 0
1554130124 0 0 0 1.2821541999680082 1.2821541999680082 0
1554130164 0 0 0 1.2821541999680082 1.2821541999680082 0
1554130204 0 0 0 1.2821541999680082 1.2821541999680082 0
1554130244 0 0 0 1.2821541999680082 1.2821541999680082 0
1554130284 0 0 0 1.2821541999680082 1.2821541999680082 0
1554130324 0 0 0 1.2821541999680082 1.2821541999680082 0
1554130364 0 0 0 1.2821541999680082 1.2821541999680082 0
1554130404 0 0 0 1.2821541999680082 1.2821541999680082 0
1554130444 0 0 0 1.2821541999680082 1.2821541999680082 0
1554130484 0 0 0 1.2821541999680082 1.2821541999680082 0
1554130524 0 0 0 1.2821541999680082 1.2821541999680082 0
1554130564 0 0 0 1.2821541999680082 1.2821541999680082 0
1554130604 0 0 0 1.2821541999680082 1.2821541999680082 0
1554130644 0 0 0 1.2821541999680082 1.2821541999680082 0
1554130684 0 0 0 1.2821541999680082 1.2821541999680082 0
1554130724 0 0 0 1.2821541999680082 1.2821541999680082 0
1554130764 0 0 0 1.2821541999680082 1.2821541999680082 0
1554130804 0 0 0 1.2821541999680082 1.2821541999680082 0
1554130844 0 0 0 1.2821541999680082 1.2821541999680082 0
1554130884 0 0 0 1.2821541999680082 1.2821541999680082 0
1554130924 0 0 0 1.2821541999680082 1.2821541999680082 0
1554130964 0 0 0 1.2821541999680082 1.2821541999680082 0
1554131004 0 0 0 1.2821541999680082 1.2821541999680082 0
1554131044 0 0 0 1.2821541999680082 1.2821541999680082 0
1554131084 0 0 0 1.2821541999680082 1.2821541999680082 0
1554131124 0 0 0 1.2821541999680082 1.2821541999680082 0
1554131164 0 0 0 1.2821541999680082 1.2821541999680082 0
1554131204 0 0 0 1.2821541999680082 1.2821541999680082 0
1554131244 0 0 0 1.2821541999680082 1.2821541999680082 0
1554131284 0 0 0 1.2821541999680082 1.2821541999680082 0
1554131324 0 0 0 1.2821541999680082 1.2821541999680082 0
1554131364 0 0 0 1.2821541999680082 1.2821541999680082 0
1554131404 0 0 0 1.2821541999680082 1.2821541999680082 0
1554131444 0 0 0 1.2821541999680082 1.2821541999680082 0
1554131484 0 0 0 1.2821541999680082 1.2821541999680082 0
1554131524 0 0 0 1.2821541999680082 1.2821541999680082 0
1554131564 0 0 0 1.2821541999680082 1.2821541999680082 0
1554131604 0 0 0 1.2821541999680082 1.2821541999680082 0
1554131644 0 0 0 1.2821541999680082 1.2821541999680082 0
1554131684 0 0 0 1.2821541999680082 1.2821541999680082 0
1554131724 0 0 0 1.2821541999680082 1.2821541999680082 0
1554131764 0 0 0 1.2821541999680082 1.2821541999680082 0
1554131804 0 0 0 1.2821541999680082 1.2821541999680082 0
1554131844 0 0 0 1.2821541999680082 1.2821541999680082 0
1554131884 0 0 0 1.2821541999680082 1.2821541999680082 0
1554131924 0 0 0 1.2821541999680082 1.2821541999680082 0
1554131964 0 0 0 1.2821541999680082 1.2821541999680082 0
1554132005 3 0 0 1.2821541999680082 1.2821541999680082 0
1554132045 0 0 0 1.2821541999680082 1.2821541999680082 0
1554132085 0 0 0 1.2821541999680082 1.2821541999680082 0
1554132125 3 0 0 1.2821541999680082 1.2821541999680082 0
1554132165 0 0 0 1.2821541999680082 1.2821541999680082 0
1554132205 0 0 0 1.2821541999680082 1.2821541999680082 0
1554132245 0 0 0 1.2821541999680082 1.2821541999680082 0
1554132285 0 0 0 1.2821541999680082 1.2821541999680082 0
1554132325 0 0 0 1.2821541999680082 1.2821541999680082 0
1554132365 0 0 0 1.2821541999680082 1.2821541999680082 0
1554132405 0 0 0 1.2821541999680082 1.2821541999680082 0
1554132445 0 0 0 1.2821541999680082 1.2821541999680082 0
1554132485 0 0 0 1.2821541999680082 1.2821541999680082 0
1554132525 0 0 0 1.2821541999680082 1.2821541999680082 0
1554132565 0 0 0 1.2821541999680082 1.2821541999680082 0
1554132605 0 0 0 1.2821541999680082 1.2821541999680082 0
1554132645 0 0 0 1.2821541999680082 1.2821541999680082 0
1554132685 0 0 0 1.2821541999680082 1.2821541999680082 0
1554132725 0 0 0 1.2821541999680082 1.2821541999680082 0
1554132765 0 0 0 1.2821541999680082 1.2821541999680082 0
1554132805 0 0 0 1.2821541999680082 1.2821541999680082 0
1554132845 0 0 0 1.2821541999680082 1.2821541999680082 0
1554132885 0 0 0 1.2821541999680082 1.2821541999680082 0
1554132925 0 0 0 1.2821541999680082 1.2821541999680082 0
1554132965 0 0 0 1.2821541999680082 1.2821541999680082 0
1554133005 0 0 0 1.2821541999680082 1.2821541999680082 0
1554133045 0 0 0 1.2821541999680082 1.2821541999680082 0
1554133085 0 0 0 1.2821541999680082 1.2821541999680082 0
1554133125 0 0 0 1.2821541999680082 1.2821541999680082 0
1554133165 0 0 0 1.2821541999680082 1.2821541999680082 0
1554133205 0 0 0 1.2821541999680082 1.2821541999680082 0
1554133245 0 0 0 1.2821541999680082 1.2821541999680082 0
1554133285 0 0 0 1.2821541999680082 1.2821541999680082 0
1554133325 0 0 0 1.2821541999680082 1.2821541999680082 0
1554133365 0 0 0 1.2821541999680082 1.2821541999680082 0
1554133405 0 0 0 1.2821541999680082 1.2821541999680082 0
1554133445 0 0 0 1.2821541999680082 1.2821541999680082 0
1554133485 0 0 0 1.2821541999680082 1.2821541999680082 0
1554133525 0 0 0 1.2821541999680082 1.2821541999680082 0
1554133565 0 0 0 1.2821541999680082 1.2821541999680082 0
1554133605 0 0 0 1.2821541999680082 1.2821541999680082 0
1554133645 0 0 0 1.2821541999680082 1.2821541999680082 0
1554133685 0 0 0 1.2821541999680082 1.2821541999680082 0
1554133725 0 0 0 1.2821541999680082 1.2821541999680082 0
1554133765 0 0 0 1.2821541999680082 1.2821541999680082 0
1554133805 0 0 0 1.2821541999680082 1.2821541999680082 0
1554133845 0 0 0 1.2821541999680082 1.2821541999680082 0
1554133885 0 0 0 1.2821541999680082 1.2821541999680082 0
1554133925 0 0 0 1.2821541999680082 1.2821541999680082 0
1554133965 0 0 0 1.2821541999680082 1.2821541999680082 0
1554134005 0 0 0 1.2821541999680082 1.2821541999680082 0
1554134045 0 0 0 1.2821541999680082 1.2821541999680082 0
1554134085 0 0 0 1.2821541999680082 1.2821541999680082 0
1554134125 0 0 0 1.2821541999680082 1.2821541999680082 0
1554134165 0 0 0 1.2821541999680082 1.2821541999680082 0
1554134205 0 0 0 1.2821541999680082 1.2821541999680082 0
1554134245 0 0 0 1.2821541999680082 1.2821541999680082 0
1554134285 0 0 0 1.2821541999680082 1.2821541999680082 0
1554134325 0 0 0 1.2821541999680082 1.2821541999680082 0
1554134365 0 0 0 1.2821541999680082 1.2821541999680082 0
1554134405 0 0 0 1.2821541999680082 1.2821541999680082 0
1554134445 0 0 0 1.2821541999680082 1.2821541999680082 0
1554134485 0 0 0 1.2821541999680082 1.2821541999680082 0
1554134526 0 0 0 1.2821541999680082 1.2821541999680082 0
1554134566 0 0 0 1.2821541999680082 1.2821541999680082 0
1554134606 0 0 0 1.2821541999680082 1.2821541999680082 0
1554134646 0 0 0 1.2821541999680082 1.2821541999680082 0
1554134686 0 0 0 1.2821541999680082 1.2821541999680082 0
1554134726 0 0 0 1.2821541999680082 1.2821541999680082 0
1554134766 0 0 0 1.2821541999680082 1.2821541999680082 0
1554134806 0 0 0 1.2821541999680082 1.2821541999680082 0
1554134846 0 0 0 1.2821541999680082 1.2821541999680082 0
1554134886 0 0 0 1.2821541999680082 1.2821541999680082 0
1554134926 0 0 0 1.2821541999680082 1.2821541999680082 0
1554134966 0 0 0 1.2821541999680082 1.2821541999680082 0
1554135006 0 0 0 1.2821541999680082 1.2821541999680082 0
1554135046 0 0 0 1.2821541999680082 1.2821541999680082 0
1554135086 0 0 0 1.2821541999680082 1.2821541999680082 0
1554135126 0 0 0 1.2821541999680082 1.2821541999680082 0
1554135166 0 0 0 1.2821541999680082 1.2821541999680082 0
1554135206 0 0 0 1.2821541999680082 1.2821541999680082 0
1554135246 0 0 0 1.2821541999680082 1.2821541999680082 0
1554135286 0 0 0 1.2821541999680082 1.2821541999680082 0
1554135326 0 0 0 1.2821541999680082 1.2821541999680082 0
1554135366 0 0 0 1.2821541999680082 1.2821541999680082 0
1554135406 3 0 0 1.2821541999680082 1.2821541999680082 0
1554135446 0 0 0 1.2821541999680082 1.2821541999680082 0
1554135486 0 0 0 1.2821541999680082 1.2821541999680082 0
1554135526 0 0 0 1.2821541999680082 1.2821541999680082 0
1554135566 4 0 0 1.2821541999680082 1.2821541999680082 0
1554135606 1 0 0 1.2821541999680082 1.2821541999680082 0
1554135646 5 0 0 1.2821541999680082 1.2821541999680082 0
1554135686 0 0 0 1.2821541999680082 1.2821541999680082 0
1554135726 0 0 0 1.2821541999680082 1.2821541999680082 0
1554135766 0 0 0 1.2821541999680082 1.2821541999680082 0
1554135806 0 0 0 1.2821541999680082 1.2821541999680082 0
1554135846 0 0 0 1.2821541999680082 1.2821541999680082 0
1554135886 0 0 0 1.2821541999680082 1.2821541999680082 0
1554135926 0 0 0 1.2821541999680082 1.2821541999680082 0
1554135966 0 0 0 1.2821541999680082 1.2821541999680082 0
1554136006 0 0 0 1.2821541999680082 1.2821541999680082 0
1554136046 0 0 0 1.2821541999680082 1.2821541999680082 0
1554136086 0 0 0 1.2821541999680082 1.2821541999680082 0
1554136126 0 0 0 1.2821541999680082 1.2821541999680082 0
1554136166 0 0 0 1.2821541999680082 1.2821541999680082 0
1554136206 0 0 0 1.2821541999680082 1.2821541999680082 0
1554136246 0 0 0 1.2821541999680082 1.2821541999680082 0
1554136286 0 0 0 1.2821541999680082 1.2821541999680082 0
1554136326 0 0 0 1.2821541999680082 1.2821541999680082 0
1554136366 0 0 0 1.2821541999680082 1.2821541999680082 0
1554136406 0 0 0 1.2821541999680082 1.2821541999680082 0
1554136446 0 0 0 1.2821541999680082 1.2821541999680082 0
1554136486 0 0 0 1.2821541999680082 1.2821541999680082 0
1554136526 0 0 0 1.2821541999680082 1.2821541999680082 0
1554136566 0 0 0 1.2821541999680082 1.2821541999680082 0
1554136606 0 0 0 1.2821541999680082 1.2821541999680082 0
1554136646 0 0 0 1.2821541999680082 1.2821541999680082 0
1554136686 0 0 0 1.2821541999680082 1.2821541999680082 0
1554136726 0 0 0 1.2821541999680082 1.2821541999680082 0
1554136766 0 0 0 1.2821541999680082 1.2821541999680082 0
1554136806 0 0 0 1.2821541999680082 1.2821541999680082 0
1554136846 0 0 0 1.2821541999680082 1.2821541999680082 0
1554136886 0 0 0 1.2821541999680082 1.2821541999680082 0
1554136926 0 0 0 1.2821541999680082 1.2821541999680082 0
1554136966 0 0 0 1.2821541999680082 1.2821541999680082 0
1554137006 0 0 0 1.2821541999680082 1.2821541999680082 0
1554137047 0 0 0 1.2821541999680082 1.2821541999680082 0
1554137087 0 0 0 1.2821541999680082 1.2821541999680082 0
1554137127 0 0 0 1.2821541999680082 1.2821541999680082 0
1554137167 0 0 0 1.2821541999680082 1.2821541999680082 0
1554137207 0 0 0 1.2821541999680082 1.2821541999680082 0
1554137247 0 0 0 1.2821541999680082 1.2821541999680082 0
1554137287 0 0 0 1.2821541999680082 1.2821541999680082 0
1554137327 0 0 0 1.2821541999680082 1.2821541999680082 0
1554137367 0 0 0 1.2821541999680082 1.2821541999680082 0
1554137407 0 0 0 1.2821541999680082 1.2821541999680082 0
1554137447 0 0 0 1.2821541999680082 1.2821541999680082 0
1554137487 0 0 0 1.2821541999680082 1.2821541999680082 0
1554137527 0 0 0 1.2821541999680082 1.2821541999680082 0
1554137567 0 0 0 1.2821541999680082 1.2821541999680082 0
1554137607 0 0 0 1.2821541999680082 1.2821541999680082 0
1554137647 0 0 0 1.2821541999680082 1.2821541999680082 0
1554137687 0 0 0 1.2821541999680082 1.2821541999680082 0
1554137727 0 0 0 1.2821541999680082 1.2821541999680082 0
1554137767 0 0 0 1.2821541999680082 1.2821541999680082 0
1554137807 0 0 0 1.2821541999680082 1.2821541999680082 0
1554137847 0 0 0 1.2821541999680082 1.2821541999680082 0
1554137887 0 0 0 1.2821541999680082 1.2821541999680082 0
1554137927 0 0 0 1.2821541999680082 1.2821541999680082 0
1554137967 0 0 0 1.2821541999680082 1.2821541999680082 0
1554138007 0 0 0 1.2821541999680082 1.2821541999680082 0
1554138047 0 0 0 1.2821541999680082 1.2821541999680082 0
1554138087 0 0 0 1.2821541999680082 1.2821541999680082 0
1554138127 0 0 0 1.2821541999680082 1.2821541999680082 0
1554138167 0 0 0 1.2821541999680082 1.2821541999680082 0
1554138207 0 0 0 1.2821541999680082 1.2821541999680082 0
1554138247 0 0 0 1.2821541999680082 1.2821541999680082 0
1554138287 0 0 0 1.2821541999680082 1.2821541999680082 0
1554138327 0 0 0 1.2821541999680082 1.2821541999680082 0
1554138367 0 0 0 1.2821541999680082 1.2821541999680082 0
1554138407 0 0 0 1.2821541999680082 1.2821541999680082 0
1554138447 0 0 0 1.2821541999680082 1.2821541999680082 0
1554138487 8 0 0 1.2821541999680082 1.2821541999680082 0
1554138527 0 0 0 1.2821541999680082 1.2821541999680082 0
1554138567 0 0 0 1.2821541999680082 1.2821541999680082 0
1554138607 0 0 0 1.2821541999680082 1.2821541999680082 0
1554138647 0 0 0 1.2821541999680082 1.2821541999680082 0
1554138687 0 0 0 1.2821541999680082 1.2821541999680082 0
1554138727 0 0 0 1.2821541999680082 1.2821541999680082 0
1554138767 0 0 0 1.2821541999680082 1.2821541999680082 0
1554138807 0 0 0 1.2821541999680082 1.2821541999680082 0
1554138847 0 0 0 1.2821541999680082 1.2821541999680082 0
1554138887 0 0 0 1.2821541999680082 1.2821541999680082 0
1554138927 0 0 0 1.2821541999680082 1.2821541999680082 0
1554138967 0 0 0 1.2821541999680082 1.2821541999680082 0
1554139007 0 0 0 1.2821541999680082 1.2821541999680082 0
1554139047 0 0 0 1.2821541999680082 1.2821541999680082 0
1554139087 0 0 0 1.2821541999680082 1.2821541999680082 0
1554139127 0 0 0 1.2821541999680082 1.2821541999680082 0
1554139167 0 0 0 1.2821541999680082 1.2821541999680082 0
1554139207 0 0 0 1.2821541999680082 1.2821541999680082 0
1554139247 0 0 0 1.2821541999680082 1.2821541999680082 0
1554139287 0 0 0 1.2821541999680082 1.2821541999680082 0
1554139327 0 0 0 1.2821541999680082 1.2821541999680082 0
1554139367 0 0 0 1.2821541999680082 1.2821541999680082 0
1554139407 0 0 0 1.2821541999680082 1.2821541999680082 0
1554139447 0 0 0 1.2821541999680082 1.2821541999680082 0
1554139487 0 0 0 1.2821541999680082 1.2821541999680082 0
1554139527 0 0 0 1.2821541999680082 1.2821541999680082 0
1554139568 0 0 0 1.2821541999680082 1.2821541999680082 0
1554139608 0 0 0 1.2821541999680082 1.2821541999680082 0
1554139648 0 0 0 1.2821541999680082 1.2821541999680082 0
1554139688 0 0 0 1.2821541999680082 1.2821541999680082 0
1554139728 0 0 0 1.2821541999680082 1.2821541999680082 0
1554139768 6 0 0 1.2821541999680082 1.2821541999680082 0
1554139808 0 0 0 1.2821541999680082 1.2821541999680082 0
1554139848 3 0 0 1.2821541999680082 1.2821541999680082 0
1554139888 3 0 0 1.2821541999680082 1.2821541999680082 0
1554139928 6 0 0 1.2821541999680082 1.2821541999680082 0
1554139968 0 0 0 1.2821541999680082 1.2821541999680082 0
1554140008 1 0 0 1.2821541999680082 1.2821541999680082 0
1554140048 0 0 0 1.2821541999680082 1.2821541999680082 0
1554140088 0 0 0 1.2821541999680082 1.2821541999680082 0
1554140128 0 0 0 1.2821541999680082 1.2821541999680082 0
1554140168 0 0 0 1.2821541999680082 1.2821541999680082 0
1554140208 0 0 0 1.2821541999680082 1.2821541999680082 0
1554140248 0 0 0 1.2821541999680082 1.2821541999680082 0
1554140288 0 0 0 1.2821541999680082 1.2821541999680082 0
1554140328 0 0 0 1.2821541999680082 1.2821541999680082 0
1554140368 2 0 0 1.2821541999680082 1.2821541999680082 0
1554140408 4 0 0 1.2821541999680082 1.2821541999680082 0
1554140448 2 0 0 1.2821541999680082 1.2821541999680082 0
1554140488 0 0 0 1.2821541999680082 1.2821541999680082 0
1554140528 0 0 0 1.2821541999680082 1.2821541999680082 0
1554140568 4 0 0 1.2821541999680082 1.2821541999680082 0
