1554092829 0 0 0 0.1909524366489819 0.21245844759732185 0
1554092869 0 0 0 0.19561107238884265 0.2168325966207483 0
1554092909 0 0 0 0.19975644387571376 0.2205219522004943 0
1554092949 0 0 0 0.20335179491055413 0.2234891340580315 0
1554092989 0 0 0 0.2063654671955487 0.22570534366843675 0
1554093029 0 0 0 0.20877140119045276 0.2271509326556694 0
1554093069 4 0.0 7.365230638991203 0.21054955757875618 0.22781577941732978 0.0
1554093109 0 0 0 0.21168624985580856 0.22769946242166073 0
1554093149 0 0 0 0.21217438079813658 0.22681122554408734 0
1554093189 2 0.0 0.0 0.21201357602465107 0.22516973591504547 0.0
1554093229 0 0 0 0.21121020950958033 0.22280264134402655 0
1554093269 0 0 0 0.2097773179690109 0.21974594035949738 0
1554093309 0 0 0 0.2077344027525189 0.21604318309055145 0
1554093349 0 0 0 0.20254103362000658 0.21174452706616614 0
1554093389 0 0 0 0.19939030202860591 0.20690567560226747 0
1554093429 0 0 0 0.19573124104971787 0.20158672987030402 0
1554093469 0 0 0 0.1916045406345887 0.1958509885259884 0
1554093509 0 0 0 0.18705475014672063 0.18976372936023292 0
1554093549 0 0 0 0.18212953954899913 0.18339100637243214 0
1554093589 0 0 0 0.17687891500482752 0.17679849564943848 0
1554093629 1 0.0 0.0 0.17135440740121613 0.17005041922204583 0.0
1554093669 0 0 0 0.15286506893177987 0.16320857193758406 0
1554093709 0 0 0 0.1457158889131921 0.15633147309553302 0
1554093749 0 0 0 0.13862900821390528 0.14947365746088573 0
1554093789 1 0.0 0.0 0.13165330159727795 0.1426851147493613 0.0
1554093829 0 0 0 0.12483225186830164 0.13601088198297978 0
1554093869 3 0.0 0.0 0.11820374788539177 0.129490786454426 0.0
1554093909 1 0.0 0.0 0.11180002641491439 0.12315933150153925 0.0
1554093949 0 0 0 0.10564774699635367 0.11704571517865685 0
1554093989 0 0 0 0.0997681831739851 0.1111739659776477 0
1554094029 5 0.0 0.0 0.09417751291990485 0.09417751291990485 0.0
1554094069 3 0.0 0.0 0.0888871887878329 0.0888871887878329 0.0
1554094109 0 0 0 0.08390436858929318 0.08390436858929318 0
1554094149 0 0 0 0.0792323869694707 0.0792323869694707 0
1554094190 0 0 0 0.07476618602148762 0.07476618602148762 0
1554094230 0 0 0 0.07072072041225186 0.07072072041225186 0
1554094270 9 0.0 0.0 0.06697798050451005 0.06697798050451005 0.0
1554094310 2 0.0 0.0 0.06353092822479366 0.06353092822479366 0.0
1554094350 0 0 0 0.06037113763348146 0.06037113763348146 0
1554094390 0 0 0 0.05748921280133787 0.05748921280133787 0
1554094430 0 0 0 0.05424433419220122 0.05424433419220122 0
1554094470 0 0 0 0.05191460441219664 0.05191460441219664 0
1554094510 0 0 0 0.04982951382591462 0.04982951382591462 0
1554094550 0 0 0 0.04743359324269438 0.04743359324269438 0
1554094590 0 0 0 0.045825931428702664 0.045825931428702664 0
1554094630 0 0 0 0.04443344840221825 0.04443344840221825 0
1554094670 0 0 0 0.043248609044955456 0.043248609044955456 0
1554094710 0 0 0 0.04226492143583637 0.04226492143583637 0
1554094750 0 0 0 0.04147705949323552 0.04147705949323552 0
1554094790 0 0 0 0.04088097055343441 0.04088097055343441 0
1554094830 0 0 0 0.0404739720487421 0.0404739720487421 0
1554094870 0 0 0 0.040254840762102735 0.040254840762102735 0
1554094910 3 0.0 0.0 0.040223898101715776 0.040223898101715776 0.0
1554094950 3 0.0 0.0 0.039929007277457476 0.039929007277457476 0.0
1554094990 1 0.0 0.0 0.04027177632749829 0.04027177632749829 0.0
1554095030 11 124.41202701488852 124.41202701488852 0.04127425099353718 0.04127425099353718 124.41202701488852
1554095070 1 0.0 0.0 0.04202520672224888 0.04202520672224888 0.0
1554095110 3 0.0 0.0 0.042991856713706325 0.042991856713706325 0.0
1554095150 0 0 0 0.044185562198092 0.044185562198092 0
1554095190 0 0 0 0.04561986897748602 0.04561986897748602 0
1554095230 0 0 0 0.04731060823147562 0.04731060823147562 0
1554095270 0 0 0 0.04927599404625226 0.04927599404625226 0
1554095310 0 0 0 0.05687025379000937 0.051536712936751064 0
1554095350 0 0 0 0.05902203945187211 0.05411599979330248 0
1554095390 0 0 0 0.061491830097134485 0.0570396934359358 0
1554095430 0 0 0 0.06430163546131439 0.06033626319790832 0
1554095470 1 0.0 0.0 0.06747559293424017 0.06403679706891152 0.0
1554095510 2 0.0 0.0 0.07103989395092193 0.06817494095395694 0.0
1554095550 1 0.0 0.0 0.07502266086362042 0.07278677689172036 0.0
1554095590 0 0 0 0.07945376545382064 0.07791062793537834 0
1554095630 0 0 0 0.08436458065930684 0.08358677757724224 0
1554095670 0 0 0 0.0897876564879985 0.09974750593115704 0
1554095710 0 0 0 0.095756313202016 0.10657033240507716 0
1554095750 0 0 0 0.10230414652102043 0.11402898538726168 0
1554095790 0 0 0 0.10946444127154921 0.12216080845458446 0
1554095830 0 0 0 0.11726949366935055 0.1310022881400752 0
1554095870 0 0 0 0.12574984701388126 0.140588273571419 0
1554095910 0 0 0 0.13493344803943833 0.15095110050348312 0
1554095950 0 0 0 0.14484473771880063 0.16211962874946756 0
1554095990 0 0 0 0.15550369541622275 0.17411820698262961 0
1554096030 4 0.0 0.0 0.16692485814492106 0.18696558174668776 0.0
1554096070 0 0 0 0.17911634337933885 0.20067377526167596 0
1554096110 1 0.0 0.0 0.19207890623745263 0.2152469601362665 0.0
1554096150 0 0 0 0.20580506434931728 0.2306803635056062 0
1554096190 0 0 0 0.22027832405903736 0.24695923580105003 0
1554096230 0 0 0 0.23547254317487265 0.2640579240847885 0
1554096270 0 0 0 0.2513514588163606 0.2855512631195743 0
1554096310 0 0 0 0.2678684078789321 0.3044001302646451 0
1554096350 0 0 0 0.28496626160292776 0.32392740485264554 0
1554096390 0 0 0 0.30257758514738503 0.3485161917783721 0
1554096430 0 0 0 0.3206250280581 0.3693731186158049 0
1554096470 3 0.0 0.0 0.33902194324364543 0.3906388642956068 0.0
1554096510 0 0 0 0.3622369538566553 0.41219842520672073 0
1554096550 1 0.0 0.0 0.37635032045055344 0.43392594483916336 0.0
1554096590 1 0.0 0.0 0.3950261637740403 0.45568599112206626 0.0
1554096630 0 0 0 0.4136141888968475 0.4773350848269714 0
1554096670 0 0 0 0.43199788258827226 0.4987234501269448 0
1554096711 0 0 0 0.45050540299261466 0.5202146222145363 0
1554096751 0 0 0 0.4681130777193946 0.5406005452967513 0
1554096791 0 0 0 0.48515982455916684 0.5602547526650037 0
1554096831 0 0 0 0.5015314012055198 0.5790228948325541 0
1554096871 0 0 0 0.5171177283687856 0.5967549984026476 0
1554096911 0 0 0 0.5318141579422406 0.613307632493545 0
1554096951 0 0 0 0.5386083811870546 0.6285459837768042 0
1554096991 0 0 0 0.5509752394506867 0.642345800566546 0
1554097031 0 0 0 0.5621946839387408 0.6545951709810035 0
1554097071 0 0 0 0.5794386323816807 0.6651961052708179 0
1554097111 0 0 0 0.5882592970160684 0.6740658995870897 0
1554097151 0 0 0 0.5957334140853663 0.6811382593412725 0
1554097191 0 0 0 0.6018201873018324 0.686364169416504 0
1554097231 0 0 0 0.6064896902844839 0.6897125001935888 0
1554097271 0 0 0 0.609722981161642 0.6911703434658019 0
1554097311 0 0 0 0.6115121154756179 0.6907430758664453 0
1554097351 0 0 0 0.6118600643683803 0.6884541517576772 0
1554097391 0 0 0 0.610780542359531 0.6843446299353282 0
1554097431 0 0 0 0.6082977495462789 0.6784724437933771 0
1554097471 0 0 0 0.6044460301992062 0.6709114263598068 0
1554097511 0 0 0 0.5992694495289765 0.6617501071645 0
1554097551 0 0 0 0.5928212900480485 0.6510903017694843 0
1554097591 0 0 0 0.5851634667228702 0.639045516619707 0
1554097631 0 0 0 0.5763658633291894 0.6257392001519738 0
1554097671 0 0 0 0.5665055906321285 0.6113028713606312 0
1554097711 0 0 0 0.555666168917671 0.5958741612094896 0
1554097751 1 0.0 0.0 0.5439366404109877 0.5795948072127654 0.0
1554097791 1 0.0 0.0 0.53141061833866 0.5626086416066288 0.0
1554097831 2 0.0 0.0 0.518185280636043 0.5450596130304847 0.0
1554097871 0 0 0 0.5043603221030439 0.5270898854340744 0
1554097911 0 0 0 0.4900368787591035 0.5088380524276502 0
1554097951 0 0 0 0.47531644010122576 0.4904375017337378 0
1554097991 0 0 0 0.4602997701087608 0.472014963913752 0
1554098031 3 0.0 0.0 0.4450858558404217 0.45368926944941923 0.0
1554098071 4 0.0 0.0 0.3947679494579021 0.43557033205149304 0.0
1554098111 0 0 0 0.37660081251128913 0.4177583720698323 0
1554098151 0 0 0 0.35893235548646735 0.4003433828654635 0
1554098191 0 0 0 0.34183468384895865 0.34183468384895865 0
1554098231 0 0 0 0.32536885630628787 0.32536885630628787 0
1554098271 0 0 0 0.3095851617473558 0.3095851617473558 0
1554098311 0 0 0 0.2945235736615892 0.2945235736615892 0
1554098351 0 0 0 0.2802143607867462 0.2802143607867462 0
1554098391 0 0 0 0.2666788232683699 0.2666788232683699 0
1554098431 0 0 0 0.25393012464326353 0.25393012464326353 0
1554098471 0 0 0 0.2419741926744681 0.2419741926744681 0
1554098511 2 0.0 0.0 0.2308106606041708 0.2308106606041708 0.0
1554098551 4 0.0 0.0 0.22043382277659612 0.22043382277659612 0.0
1554098591 0 0 0 0.21083358422173248 0.21083358422173248 0
1554098631 0 0 0 0.19967435450568605 0.19967435450568605 0
1554098671 0 0 0 0.19167537206081894 0.19167537206081894 0
1554098711 0 0 0 0.18439706490646804 0.18439706490646804 0
1554098751 3 12.996101474140321 12.996101474140321 0.1778207561954562 0.1778207561954562 12.996101474140321
1554098791 3 0.0 0.0 0.1719274951368913 0.1719274951368913 0.0
1554098831 1 0.0 0.0 0.16669868914865302 0.16669868914865302 0.0
1554098871 0 0 0 0.16211667113126046 0.16211667113126046 0
1554098911 0 0 0 0.15816520419597244 0.15816520419597244 0
1554098951 0 0 0 0.1548299288157801 0.1548299288157801 0
1554098991 0 0 0 0.15209875701713454 0.15209875701713454 0
1554099031 0 0 0 0.14996221912046023 0.14996221912046023 0
1554099071 0 0 0 0.1484137693067965 0.1484137693067965 0
1554099111 0 0 0 0.14745005503248582 0.14745005503248582 0
1554099151 0 0 0 0.14707115530773657 0.14707115530773657 0
1554099191 0 0 0 0.14728079192071344 0.14728079192071344 0
1554099232 0 0 0 0.14811438815576683 0.14811438815576683 0
1554099272 0 0 0 0.14954312020793692 0.14954312020793692 0
1554099312 0 0 0 0.15159561226389406 0.15159561226389406 0
1554099352 0 0 0 0.15429190437102816 0.15429190437102816 0
1554099392 0 0 0 0.1576563783806418 0.1576563783806418 0
1554099432 0 0 0 0.16171781129286703 0.16171781129286703 0
1554099472 2 0.0 0.0 0.1646129865304392 0.1646129865304392 0.0
1554099512 0 0 0 0.17009091251648087 0.17009091251648087 0
1554099552 0 0 0 0.1763694350376028 0.1763694350376028 0
1554099592 2 0.0 0.0 0.20330651628684362 0.1834939139067149 0.0
1554099632 0 0 0 0.20994833637204718 0.1915134967241587 0
1554099672 0 0 0 0.21745701052241231 0.20048074366347593 0
1554099712 1 0.0 0.0 0.22587295909421456 0.21045112813506084 0.0
1554099752 1 0.0 0.0 0.23523819713113336 0.22148239755276328 0.0
1554099792 0 0 0 0.24559565943366624 0.23363378034684287 0
1554099832 4 0.0 11.790225874877942 0.2569883948926423 0.24696502568882994 11.790225874877942
1554099872 0 0 0 0.26945862707696844 0.26153526797079424 0
1554099912 0 0 0 0.2830466835472198 0.2774017144225317 0
1554099952 0 0 0 0.2977897988744131 0.29461815752429293 0
1554099992 0 0 0 0.31372080561783033 0.3132333250889714 0
1554100032 0 0 0 0.3308667350320113 0.3332890905115654 0
1554100072 0 0 0 0.34924735391691103 0.39296003108937994 0
1554100112 0 0 0 0.3688736745586798 0.4153655203357207 0
1554100152 0 0 0 0.38974648255656175 0.4391337496779543 0
1554100192 0 0 0 0.41185492926592093 0.4642566246104687 0
1554100232 0 0 0 0.43517524317521983 0.4907127576057755 0
1554100272 0 0 0 0.45966961772184883 0.5184662024449779 0
1554100312 0 0 0 0.4852853263272816 0.5474653661581866 0
1554100352 0 0 0 0.5119541179121242 0.5776421513286111 0
1554100392 0 0 0 0.5395919353358702 0.608911373859394 0
1554100432 0 0 0 0.5753614365175553 0.6411704961671294 0
1554100472 0 0 0 0.6049265950095487 0.6742997062364346 0
1554100512 0 0 0 0.6351134880344793 0.7172105396665558 0
1554100552 0 0 0 0.6657771535573611 0.7520337194394663 0
1554100592 0 0 0 0.6967609201384367 0.797485817627144 0
1554100632 0 0 0 0.7278983074540084 0.8333910009537778 0
1554100672 0 0 0 0.7590151789666036 0.8693257688121521 0
1554100712 0 0 0 0.7899320855456045 0.9050836145019142 0
1554100752 0 0 0 0.8204667309821511 0.9404511498368503 0
1554100792 4 0.0 0.0 0.8504364826197244 0.975210721962255 0.0
1554100832 0 0 0 0.8796608562409418 1.0091431344869175 0
1554100872 5 0.0 0.0 0.9079639100353131 1.0420304097399322 0.0
1554100912 1 0.0 0.0 0.9351764822875536 1.0736585219795216 0.0
1554100952 0 0 0 0.9611382247566805 1.1038200447018842 0
1554100992 0 0 0 0.985699393511759 1.132316660204102 0
1554101032 7 0.0 0.0 0.9958079655537065 1.1589614815783869 0.0
1554101072 2 2.416927952740796 0.0 1.016697815585908 1.1835811542103034 2.416927952740796
1554101112 0 0 0 1.0358299242310736 1.2060177109094041 0
1554101152 0 0 0 1.0531118335453609 1.2261301608640331 0
1554101192 0 0 0 1.0684662650392716 1.2437958052291527 0
1554101232 0 0 0 1.0818312294539505 1.2589112801849531 0
1554101272 0 0 0 1.0931599142988002 1.2713933293905129 0
1554101312 0 0 0 1.1024203808835957 1.2811793183559306 0
1554101352 0 0 0 1.1095951022770087 1.2882275042527556 0
1554101392 0 0 0 1.1146803721616763 1.2925170750182042 0
1554101432 0 0 0 1.1036469969910612 1.2940479753808132 0
1554101472 0 0 0 1.10441516433119 1.2928405356405857 0
1554101512 0 0 0 1.1031871179708344 1.2889349180408054 0
1554101552 0 0 0 1.1139265152377071 1.2823903945188289 0
1554101592 0 0 0 1.1087681660123414 1.2732844688888545 0
1554101632 0 0 0 1.101754529214539 1.261711853109158 0
1554101672 0 0 0 1.0929578003283351 1.247783308901572 0
1554101712 0 0 0 1.0824575746793237 1.2316243617415221 0
1554101753 0 0 0 1.0700172336225258 1.2128921196461666 0
1554101793 4 0.0 0.0 1.0563378235169743 1.1926543800010065 0.0
1554101833 1 0.0 0.0 1.0412333334626698 1.170640980007859 0.0
1554101873 5 5.489528276373052 0.0 1.0248059402819232 1.1470216376245703 5.489528276373052
1554101913 0 0 0 1.0071617687480081 1.1219728118842776 0
1554101953 4 0.0 0 0.9884102614836884 1.095675888043475 0.0
1554101993 5 0.0 0.0 0.9686635512000744 1.0683153302526749 0.0
1554102033 24 0.0 0.0 0.9480358316355845 1.0400768290894824 0.0
1554102073 39 29.69424081661723 0.0 0.9266427206749751 1.0111454680938972 29.69424081661723
1554102113 38 66.08618109657303 24.882646226368756 0.9046006106850158 0.981703935276781 66.08618109657303
1554102153 47 32.781534111107604 42.27236386142052 0.8820260072555111 0.9519308123265534 32.781534111107604
1554102193 47 37.64100223724151 80.30168075045312 0.8590348560892497 0.9219989689481859 37.64100223724151
1554102233 25 30.80072747512881 13.7074787583975 0.835741859069957 0.7969553188633764 13.7074787583975
1554102273 0 0 0 0.8122597889948514 0.7661760378555728 0
1554102313 25 0.0 0.0 0.78869880895108 0.7358933234521017 0.0
1554102353 39 55.174859586114806 0.0 0.7651658047925136 0.7062341228283178 0.0
1554102393 41 191.44143574297237 191.44143574297237 0.6773129491032654 0.6773129491032654 191.44143574297237
1554102433 55 85.09084237141454 85.09084237141454 0.6492315955193289 0.6492315955193289 85.09084237141454
1554102473 0 0 0 0.6220790589378826 0.6220790589378826 0
1554102513 36 121.3050883422274 121.3050883422274 0.595931664815093 0.595931664815093 121.3050883422274
1554102553 43 244.19294327544603 244.19294327544603 0.5708533836317566 0.5708533836317566 244.19294327544603
1554102593 59 141.32024089064438 141.32024089064438 0.546896319226545 0.546896319226545 141.32024089064438
1554102633 47 110.85712764653341 110.85712764653341 0.5241013537539285 0.5241013537539285 110.85712764653341
1554102673 33 0.0 0.0 0.5024989244963076 0.5024989244963076 0.0
1554102713 0 0 0 0.4821099071041977 0.4821099071041977 0
1554102753 0 0 0 0.46294658339478423 0.46294658339478423 0
1554102793 0 0 0 0.43989652221473197 0.43989652221473197 0
1554102833 0 0 0 0.4233808284489561 0.4233808284489561 0
1554102873 0 0 0 0.40807256296401767 0.40807256296401767 0
1554102913 0 0 0 0.39396022990734814 0.39396022990734814 0
1554102953 0 0 0 0.3810290326606398 0.3810290326606398 0
1554102993 0 0 0 0.36926186123048155 0.36926186123048155 0
1554103033 0 0 0 0.35864022886227853 0.35864022886227853 0
1554103073 0 0 0 0.34914514898230536 0.34914514898230536 0
1554103113 0 0 0 0.3407579483058928 0.3407579483058928 0
1554103153 0 0 0 0.333461011772968 0.333461011772968 0
1554103193 0 0 0 0.32723845734341467 0.32723845734341467 0
1554103233 2 0.0 0.0 0.3220767419325541 0.3220767419325541 0.0
1554103273 0 0 0 0.31796519876215557 0.31796519876215557 0
1554103313 0 0 0 0.31489650756684945 0.31489650756684945 0
1554103353 0 0 0 0.3128671001881814 0.3128671001881814 0
1554103393 0 0 0 0.31187750230122047 0.31187750230122047 0
1554103433 0 0 0 0.3119326121086326 0.3119326121086326 0
1554103473 0 0 0 0.3130419157671721 0.3130419157671721 0
1554103513 0 0 0 0.3152196375334394 0.3152196375334394 0
1554103553 0 0 0 0.31848482137657685 0.31848482137657685 0
1554103593 0 0 0 0.3228613387345948 0.3228613387345948 0
1554103633 0 0 0 0.3283778152403687 0.3283778152403687 0
1554103673 0 0 0 0.33506746797452064 0.33506746797452064 0
1554103713 0 0 0 0.34296784236856354 0.34296784236856354 0
1554103753 0 0 0 0.3521204361539844 0.3521204361539844 0
1554103793 0 0 0 0.3625701991695654 0.3625701991695654 0
1554103833 0 0 0 0.3743648939334319 0.3743648939334319 0
1554103873 0 0 0 0.38755430491353177 0.38755430491353177 0
1554103913 0 0 0 0.4021892860932889 0.4021892860932889 0
1554103953 0 0 0 0.4183206365148517 0.4183206365148517 0
1554103993 0 0 0 0.4823045058823658 0.43599779959469603 0
1554104033 0 0 0 0.49866053137578514 0.45526738817840506 0
1554104073 0 0 0 0.5164681270121357 0.4761715403944934 0
1554104113 0 0 0 0.535744821492786 0.4987461224008804 0
1554104153 0 0 0 0.5565008724441259 0.5230188046414443 0
1554104193 0 0 0 0.5787376933773988 0.549007043034825 0
1554104233 0 0 0 0.6024462667803313 0.5767160115911324 0
1554104274 0 0 0 0.6282528957058968 0.6068938024687066 0
1554104314 0 0 0 0.6548633668389561 0.6380420702925629 0
1554104354 0 0 0 0.6828394993389788 0.6708313865240154 0
1554104394 0 0 0 0.7121157943130992 0.7051977513523748 0
1554104434 0 0 0 0.7426100177572261 0.7410559937773697 0
1554104474 0 0 0 0.7742226899087152 0.7782988161084465 0
1554104514 0 0 0 0.8068369475445467 0.8167962765537619 0
1554104554 0 0 0 0.8403188206922624 0.8563957707066612 0
1554104594 0 0 0 0.8745179386108296 0.9956179788787016 0
1554104634 0 0 0 0.9092686789188835 1.034993216920219 0
1554104674 0 0 0 0.944391747623421 1.0747529806997773 0
1554104714 0 0 0 0.9796961572944358 1.1146971578616847 0
1554104754 0 0 0 1.0149815587576703 1.1546148440945454 0
1554104794 0 0 0 1.0500408667283474 1.1942866475859262 0
1554104834 0 0 0 1.0846630997688682 1.2334872227064542 0
1554104874 0 0 0 1.1186363536092896 1.271987972562856 0
1554104914 0 0 0 1.151750822907822 1.3265504678242013 0
1554104954 0 0 0 1.183801778398895 1.3634143096077824 0
1554104994 0 0 0 1.2145924188163473 1.3988806629482056 0
1554105034 0 0 0 1.2439365237986924 1.4327332508589286 0
1554105074 0 0 0 1.271660838439856 1.4647663567426987 0
1554105114 4 0.0 0.0 1.297607140145834 1.494787161493897 0.0
1554105154 0 0 0 1.321633951858448 1.5226178227395162 0
1554105194 0 0 0 1.343617874548996 1.5480972612811885 0
1554105234 2 0.0 0.0 1.363454531984483 1.5710826378246294 0.0
1554105274 0 0 0 1.3810591330756081 1.591450512978832 0
1554105314 0 0 0 1.396366663545135 1.6090976874742728 0
1554105354 0 0 0 1.4093317337619293 1.623941734518561 0
1554105394 1 0.0 0.0 1.4199281153519805 1.6359212411650539 0.0
1554105434 0 0 0 1.428148002030951 1.6449957779237256 0
1554105474 0 0 0 1.415604751184143 1.6511456237622244 0
1554105514 0 0 0 1.4187913826254785 1.6543712743348267 0
1554105554 0 0 0 1.4197045285590681 1.6546927607176256 0
1554105594 0 0 0 1.4183997707015314 1.6521488081147457 0
1554105634 0 0 0 1.4149445949767698 1.646795861280946 0
1554105674 0 0 0 1.4094168830115805 1.638707001771175 0
1554105714 0 0 0 1.4019034100679226 1.6279707805343315 0
1554105754 0 0 0 1.3924983778694284 1.6146899847687217 0
1554105794 0 0 0 1.3813020085436158 1.5989803579236226 0
1554105834 0 0 0 1.35123899683173 1.5809692863985203 0
1554105874 0 0 0 1.3367479247015719 1.5607944655832227 0
1554105914 0 0 0 1.3208161678188135 1.5386025546853541 0
1554105954 0 0 0 1.3035553243202056 1.5145478296282084 0
1554105994 0 0 0 1.2850773455280946 1.488790837856958 0
1554106034 0 0 0 1.2654937863136464 1.461497064098705 0
1554106074 0 0 0 1.2449151737564794 1.4328356109878848 0
1554106114 0 0 0 1.2234504862884925 1.4029778974662965 0
1554106154 0 0 0 1.2164109403791448 1.3720963844202378 0
1554106194 0 0 0 1.193194964005801 1.1996815855032057 0
1554106234 0 0 0 1.1694013759870616 1.164887811488451 0
1554106274 0 0 0 1.1451307407835718 1.1297785184886247 0
1554106314 0 0 0 1.1204807627647393 1.0945208699837712 0
1554106354 0 0 0 1.0955462092718764 1.0592747123604223 0
1554106394 0 0 0 1.0704188648664987 1.0241918163114088 0
1554106434 0 0 0 1.0451875038222502 0.9894152222857773 0
1554106474 0 0 0 1.019937869253126 0.9550786907745811 0
1554106514 0 0 0 0.9947526545968526 0.9213062656409816 0
1554106554 0 0 0 0.8882119506000131 0.8882119506000131 0
1554106594 0 0 0 0.8558994982566387 0.8558994982566387 0
1554106634 0 0 0 0.8244623173747379 0.8244623173747379 0
1554106674 0 0 0 0.7939834950263883 0.7939834950263883 0
1554106714 0 0 0 0.764535929234106 0.764535929234106 0
1554106754 0 0 0 0.7361825725430708 0.7361825725430708 0
1554106795 0 0 0 0.7083117374204424 0.7083117374204424 0
1554106835 2 0.0 0.0 0.6744825741693379 0.6744825741693379 0.0
1554106875 0 0 0 0.6500081822781232 0.6500081822781232 0
1554106915 0 0 0 0.6267747840401631 0.6267747840401631 0
1554106955 2 0.0 0.0 0.6048021473648384 0.6048021473648384 0.0
1554106995 0 0 0 0.584103480194471 0.584103480194471 0
1554107035 0 0 0 0.5646861792688032 0.5646861792688032 0
1554107075 0 0 0 0.5465526037892589 0.5465526037892589 0
1554107115 2 0.0 0.0 0.5297008605093566 0.5297008605093566 0.0
1554107155 3 3.0722286202031492 3.0722286202031492 0.5141255914287223 0.5141255914287223 3.0722286202031492
1554107195 5 39.08924508096576 39.08924508096576 0.4998187517124308 0.4998187517124308 39.08924508096576
1554107235 0 0 0 0.48677036726218076 0.48677036726218076 0
1554107275 0 0 0 0.4749692656867574 0.4749692656867574 0
1554107315 0 0 0 0.46440377202210403 0.46440377202210403 0
1554107355 3 0.0 0.0 0.45506236245230414 0.45506236245230414 0.0
1554107395 0 0 0 0.44693427269997765 0.44693427269997765 0
1554107435 0 0 0 0.4400100558689948 0.4400100558689948 0
1554107475 0 0 0 0.43428208598997514 0.43428208598997514 0
1554107515 0 0 0 0.4297450055051881 0.4297450055051881 0
1554107555 0 0 0 0.42639611323845766 0.42639611323845766 0
1554107595 0 0 0 0.42423569000484757 0.42423569000484757 0
1554107635 0 0 0 0.4232672595878976 0.4232672595878976 0
1554107675 0 0 0 0.42349778101766333 0.42349778101766333 0
1554107715 0 0 0 0.42493776813707007 0.42493776813707007 0
1554107755 0 0 0 0.4276013315236375 0.4276013315236375 0
1554107795 0 0 0 0.4315061365054411 0.4315061365054411 0
1554107835 0 0 0 0.43667327068728184 0.43667327068728184 0
1554107875 0 0 0 0.4431270127176449 0.4431270127176449 0
1554107915 0 0 0 0.4508944939963558 0.4508944939963558 0
1554107955 0 0 0 0.4600052443701939 0.4600052443701939 0
1554107995 0 0 0 0.4704906129467325 0.4704906129467325 0
1554108035 0 0 0 0.4823830553180272 0.4823830553180272 0
1554108075 0 0 0 0.4957152816391272 0.4957152816391272 0
1554108115 0 0 0 0.510519259368144 0.510519259368144 0
1554108155 0 0 0 0.5268250698196627 0.5268250698196627 0
1554108195 0 0 0 0.5446596227028412 0.5446596227028412 0
1554108235 0 0 0 0.5640452347394709 0.5640452347394709 0
1554108275 0 0 0 0.5849980877484584 0.5849980877484584 0
1554108315 0 0 0 0.6075265896676187 0.6075265896676187 0
1554108355 0 0 0 0.6316296654433576 0.6316296654433576 0
1554108395 0 0 0 0.6572950167146915 0.6572950167146915 0
1554108435 0 0 0 0.6844973982277391 0.6844973982277391 0
1554108475 0 0 0 0.7915774067847838 0.713196960626129 0
1554108515 0 0 0 0.8174892290981473 0.7433377202792896 0
1554108555 0 0 0 0.8445437423025398 0.7748462216521791 0
1554108595 0 0 0 0.8726482119383298 0.8076304527823829 0
1554108635 0 0 0 0.9016944144843843 0.8415790788875985 0
1554108675 0 0 0 0.9315585904826602 0.8765610549404752 0
1554108715 0 0 0 0.9621017587717594 0.9124256622913056 0
1554108755 0 0 0 0.9931704182588954 0.9490030094022817 0
1554108795 0 0 0 1.024597650868334 0.9861050225245248 0
1554108835 0 0 0 1.0562046173086304 1.0235269268739235 0
1554108875 0 0 0 1.0878024280800578 1.0610492078782967 0
1554108915 0 0 0 1.1191943563402051 1.0984400231565503 0
1554108955 0 0 0 1.1501783377317487 1.1354580094049793 0
1554108995 0 0 0 1.1805496963214859 1.1718554199340663 0
1554109035 0 0 0 1.2101040257826723 1.20738151495241 0
1554109075 0 0 0 1.2386401417314594 1.2417861087438529 0
1554109115 0 0 0 1.265963025091911 1.2748231803336725 0
1554109155 0 0 0 1.291886676824888 1.3062544522411033 0
1554109195 0 0 0 1.31623680406612 1.3358528392711935 0
1554109235 0 0 0 1.3388532677546838 1.363405678710487 0
1554109275 0 0 0 1.3595922381619083 1.3887176714132747 0
1554109316 0 0 0 1.378769771880322 1.4121535235287057 0
1554109356 0 0 0 1.3953422582861477 1.6143616531124503 0
1554109396 0 0 0 1.4097179432520575 1.630237081795387 0
1554109436 0 0 0 1.4218330100898164 1.6435213685464474 0
1554109476 0 0 0 1.4316450890625856 1.6541543278439836 0
1554109516 0 0 0 1.4391330898069503 1.6620967960472344 0
1554109556 0 0 0 1.4442966731507816 1.6673304713369352 0
1554109596 0 0 0 1.4471553933786732 1.6698574699901123 0
1554109636 0 0 0 1.4477475502667818 1.6696996264702728 0
1554109676 0 0 0 1.4461287933570859 1.6668975668575359 0
1554109716 0 0 0 1.4423705234131639 1.6615095872247196 0
1554109756 0 0 0 1.418325308658257 1.653610370695401 0
1554109796 0 0 0 1.4103385958614687 1.643289575622643 0
1554109836 0 0 0 1.4005262063477812 1.6306503281884817 0
1554109876 0 0 0 1.3890046875064266 1.6158076508961978 0
1554109916 28 0.0 128.40870099851568 1.3758967698342708 1.5988868546987614 0.0
1554109956 16 97.11582565834925 3.0029103865864 1.3613295004785326 1.5800219237912152 97.11582565834925
1554109996 0 0 0 1.3454324671902969 1.3774960153957465 0
1554110036 0 0 0 1.3283361385019747 1.353826912734582 0
1554110076 0 0 0 1.310170346670752 1.328621837594374 0
1554110116 0 0 0 1.2747772595735005 1.3020565128271633 0
1554110156 0 0 0 1.254873502350541 1.2743061925626586 0
1554110196 0 0 0 1.2342931512967588 1.2455441038028074 0
1554110236 0 0 0 1.2131509444145567 1.2159400576993469 0
1554110276 0 0 0 1.191555872048684 1.185659231976621 0
1554110316 0 0 0 1.1696107087394538 1.1548611288663064 0
1554110356 2 0.0 0.0 1.1474117087402504 1.123698702705395 0.0
1554110396 13 0.0 0.0 1.1250484513618662 1.0923176484896369 0.0
1554110436 10 0.0 0.0 1.1026038245913068 1.0608558467675846 0.0
1554110476 13 0.0 0.0 1.080154129071382 1.0294429519493928 0.0
1554110516 6 0.0 0.0 1.0577692833680685 0.9982001097937367 0.0
1554110556 0 0 0 1.0355131157381432 0.9672397958919047 0
1554110596 0 0 0 1.0134437230156816 0.9366657602322211 0
1554110636 0 0 0 0.9065730627663361 0.9065730627663361 0
1554110676 0 0 0 0.8770481925851537 0.8770481925851537 0
1554110716 0 0 0 0.8481692567160527 0.8481692567160527 0
1554110756 0 0 0 0.8200062265153832 0.8200062265153832 0
1554110796 0 0 0 0.7926212360135539 0.7926212360135539 0
1554110836 13 0.0 0.0 0.7660689220075386 0.7660689220075386 0.0
1554110876 9 0.0 0.0 0.7403967964856129 0.7403967964856129 0.0
1554110916 3 0.0 0.0 0.7156456489355963 0.7156456489355963 0.0
1554110956 9 0.0 0.0 0.6918499710264328 0.6918499710264328 0.0
1554110996 6 0.0 0.0 0.6690383970349905 0.6690383970349905 0.0
1554111036 2 0.0 0.0 0.6472341595894229 0.6472341595894229 0.0
1554111076 7 0.0 0.0 0.6264555548546368 0.6264555548546368 0.0
1554111116 5 0.0 0.0 0.6067164127564777 0.6067164127564777 0.0
1554111156 1 0.0 0.0 0.5880265720345578 0.5880265720345578 0.0
1554111196 2 0.0 0.0 0.5703923558301344 0.5703923558301344 0.0
1554111236 4 56.312116664135345 56.312116664135345 0.5538170437827832 0.5538170437827832 56.312116664135345
1554111276 0 0 0 0.5383013409903695 0.5383013409903695 0
1554111316 0 0 0 0.5238438389891414 0.5238438389891414 0
1554111356 0 0 0 0.510441467181136 0.510441467181136 0
1554111396 0 0 0 0.4980899321505333 0.4980899321505333 0
1554111436 0 0 0 0.48678414294594063 0.48678414294594063 0
1554111476 0 0 0 0.4765186185545613 0.4765186185545613 0
1554111516 2 0.0 0.0 0.4672878770993404 0.4672878770993404 0.0
1554111556 0 0 0 0.4590868034005488 0.4590868034005488 0
1554111596 1 0.0 0.0 0.451910991962899 0.451910991962899 0.0
1554111636 1 20.25410292488756 20.25410292488756 0.445757064351476 0.445757064351476 20.25410292488756
1554111676 0 0 0 0.44062295745934343 0.44062295745934343 0
1554111716 2 0.0 0.0 0.4365081797131781 0.4365081797131781 0.0
1554111756 0 0 0 0.43341403306386134 0.43341403306386134 0
1554111796 1 0.0 0.0 0.43134379679033064 0.43134379679033064 0.0
1554111837 0 0 0 0.4302900952705489 0.4302900952705489 0
1554111877 0 0 0 0.4303121304921623 0.4303121304921623 0
1554111917 0 0 0 0.431381238260988 0.431381238260988 0
1554111957 0 0 0 0.433509597933325 0.433509597933325 0
1554111997 0 0 0 0.43671156312805676 0.43671156312805676 0
1554112037 0 0 0 0.4410035189367978 0.4410035189367978 0
1554112077 5 0.0 0.0 0.4464036638058627 0.4464036638058627 0.0
1554112117 2 0.0 0.0 0.4529317095617565 0.4529317095617565 0.0
1554112157 0 0 0 0.4606084919673684 0.4606084919673684 0
1554112197 0 0 0 0.46945548568390905 0.46945548568390905 0
1554112237 0 0 0 0.4794942176465494 0.4794942176465494 0
1554112277 0 0 0 0.4907455745060359 0.4907455745060359 0
1554112317 2 0.0 0.0 0.5032290009893561 0.5032290009893561 0.0
1554112357 10 0.0 0.0 0.5169615905861631 0.5169615905861631 0.0
1554112397 2 0.0 0.0 0.5319570702417526 0.5319570702417526 0.0
1554112437 8 0.0 0.0 0.548224687067063 0.548224687067063 0.0
1554112477 7 0.0 0.0 0.5657680105259383 0.5657680105259383 0.0
1554112517 7 0.0 0.0 0.5845836655044575 0.5845836655044575 0.0
1554112557 7 0.0 0.0 0.6046600204049554 0.6046600204049554 0.0
1554112597 5 0.0 0.0 0.6259758612631438 0.6259758612631438 0.0
1554112637 3 0.0 0.0 0.6484990843470583 0.6484990843470583 0.0
1554112677 0 0 0 0.6645444473763146 0.6645444473763146 0
1554112717 3 0.0 0.0 0.6890514044336828 0.6890514044336828 0.0
1554112757 0 0 0 0.7145804677187945 0.7145804677187945 0
1554112797 3 0.0 0.0 0.7410458593359706 0.7410458593359706 0.0
1554112837 14 0.0 0.0 0.7683464144415424 0.7683464144415424 0.0
1554112877 10 0.0 0.0 0.7963653521240641 0.7963653521240641 0.0
1554112917 4 0.0 0.0 0.8249703808515855 0.8249703808515855 0.0
1554112957 16 0.0 0.0 0.8540141720636865 0.8540141720636865 0.0
1554112997 19 0.0 0.0 0.8833352185673348 0.8833352185673348 0.0
1554113037 0 0 0 0.9127590879245729 0.9127590879245729 0
1554113077 0 0 0 1.0459426726334655 0.9421000670976309 0
1554113117 0 0 0 1.070342098967532 0.9711631736260727 0
1554113157 0 0 0 1.094201648871124 0.999746500124878 0
1554113197 0 0 0 1.1173458996733674 1.0276438452708245 0
1554113237 4 0.0 0.0 1.1396006677736186 1.054647565919834 0.0
1554113277 0 0 0 1.1607955851510727 1.0805515818276197 0
1554113317 0 0 0 1.1807666913802572 1.1051544571966156 0
1554113357 0 0 0 1.2147308003582333 1.1412269154514896 0
1554113397 0 0 0 1.2320091974625582 1.1628942126602178 0
1554113437 0 0 0 1.2476124901043495 1.1826917184205266 0
1554113477 0 0 0 1.2614247700443324 1.2004643750491546 0
1554113517 0 0 0 1.2733476157081933 1.21607575287623 0
1554113557 0 0 0 1.2833014537334735 1.229409996082338 0
1554113597 0 0 0 1.2912265508734184 1.2403733652790114 0
1554113637 0 0 0 1.2970836209340575 1.2488953500780937 0
1554113677 0 0 0 1.3008540418237635 1.2549293367982037 0
1554113717 0 0 0 1.3025396874794122 1.2584528273906308 0
1554113757 0 0 0 1.3021623920052894 1.2594672210845184 0
1554113797 0 0 0 1.2997630709390984 1.2579971795491987 0
1554113837 0 0 0 1.2954005328024054 1.254089606479917 0
1554113877 0 0 0 1.2891500207765054 1.247812281511559 0
1554113917 0 0 0 1.2811015284050944 1.2392521941236234 0
1554113957 4 0.0 0.0 1.271357937674788 1.228513629186523 0.0
1554113997 5 0.0 0.0 1.2600330290450341 1.2157160586732958 0.0
1554114037 0 0 0 1.2313066007317475 1.2009918943207005 0
1554114077 0 0 0 1.2170676320871094 1.1844841584992787 0
1554114117 0 0 0 1.2016513468871224 1.1663441273189559 0
1554114157 5 0.0 0.0 1.1851944954054294 1.1467289952478221 0.0
1554114197 4 1.406496160514363 0.0 1.167834405661264 1.1257996108641832 0.0
1554114237 3 77.80190399735262 0.0 1.1497072011223526 1.1037183239660835 0.0
1554114277 2 0.0 0.0 1.1309461785679369 1.0806469783701074 0.0
1554114317 0 0 0 1.1116803694660493 1.0567450816470114 0
1554114358 4 0.0 0.0 1.0778148434996622 1.0315464133058119 0.0
1554114398 5 0.0 0.0 1.057928285356964 1.0064333898910105 0.0
1554114438 1 0.0 0.0 1.0379031819329827 0.9809425617542015 0.0
1554114478 2 0.0 0.0 1.017840237883724 0.9552097266804906 0.0
1554114518 0 0 0 0.9978317083306392 0.929362345829031 0
1554114558 1 0.0 0.0 0.9779611797815881 0.9035190007575956 0.0
1554114598 2 0.0 0.0 0.8777890492759514 0.8777890492759514 0.0
1554114638 1 0.0 0.0 0.8522724615738773 0.8522724615738773 0.0
1554114678 2 0.0 0.0 0.8270598162645798 0.8270598162645798 0.0
1554114718 0 0 0 0.8022324396750672 0.8022324396750672 0
1554114758 0 0 0 0.7778626655658588 0.7778626655658588 0
1554114798 0 0 0 0.7540141926374466 0.7540141926374466 0
1554114838 1 0.0 0.0 0.7307425230494491 0.7307425230494491 0.0
1554114878 1 0.0 0.0 0.7080954611615485 0.7080954611615485 0.0
1554114918 0 0 0 0.6861136530771835 0.6861136530771835 0
1554114958 0 0 0 0.6648311548085617 0.6648311548085617 0
1554114998 0 0 0 0.6442760132227501 0.6442760132227501 0
1554115038 11 0.0 0.0 0.624470846764604 0.624470846764604 0.0
1554115078 12 47.81757668591203 47.81757668591203 0.6054334191937852 0.6054334191937852 47.81757668591203
1554115118 0 0 0 0.5871771968767427 0.5871771968767427 0
1554115158 0 0 0 0.5697118824314579 0.5697118824314579 0
1554115198 0 0 0 0.5530439230770734 0.5530439230770734 0
1554115238 1 0.0 0.0 0.5371769894510138 0.5371769894510138 0.0
1554115278 3 0.0 0.0 0.5221124220720389 0.5221124220720389 0.0
1554115318 5 0.0 0.0 0.507849647455589 0.507849647455589 0.0
1554115358 0 0 0 0.49438656269071535 0.49438656269071535 0
1554115398 3 0.0 0.0 0.4817198886791667 0.4817198886791667 0.0
1554115438 2 0.0 0.0 0.46984549547355564 0.46984549547355564 0.0
1554115478 3 0.0 0.0 0.4587587003804094 0.4587587003804094 0.0
1554115518 0 0 0 0.44845453958008863 0.44845453958008863 0
1554115558 2 0.0 0.0 0.43892801808232895 0.43892801808232895 0.0
1554115598 0 0 0 0.4301743374074434 0.4301743374074434 0
1554115638 0 0 0 0.4221891033008117 0.4221891033008117 0
1554115678 0 0 0 0.41496851596069756 0.41496851596069756 0
1554115718 0 0 0 0.40850954314987453 0.40850954314987453 0
1554115758 0 0 0 0.402810076737997 0.402810076737997 0
1554115798 0 0 0 0.39786907413723965 0.39786907413723965 0
1554115838 0 0 0 0.39368668399990553 0.39368668399990553 0
1554115878 0 0 0 0.39026435552754146 0.39026435552754146 0
1554115918 4 0.0 0.0 0.38760493113931427 0.38760493113931427 0.0
1554115958 2 0.0 0.0 0.385712720627796 0.385712720627796 0.0
1554115998 1 0.0 0.0 0.38459355470133005 0.38459355470133005 0.0
1554116038 0 0 0 0.384254815847424 0.384254815847424 0
1554116078 4 0.0 0.0 0.38470544304595433 0.38470544304595433 0.0
1554116118 8 0.0 0.0 0.3859559069472981 0.3859559069472981 0.0
1554116158 0 0 0 0.38801815132778716 0.38801815132778716 0
1554116198 0 0 0 0.3909054961494765 0.3909054961494765 0
1554116238 0 0 0 0.39463249743510864 0.39463249743510864 0
1554116278 0 0 0 0.39921475837344694 0.39921475837344694 0
1554116318 0 0 0 0.40466868610315554 0.40466868610315554 0
1554116358 0 0 0 0.41101118918046453 0.41101118918046453 0
1554116398 0 0 0 0.41825930978167647 0.41825930978167647 0
1554116438 0 0 0 0.42642978606973797 0.42642978606973797 0
1554116478 0 0 0 0.4355385415279334 0.4355385415279334 0
1554116518 0 0 0 0.44560009761204133 0.44560009761204133 0
1554116558 0 0 0 0.45662690923228966 0.45662690923228966 0
1554116598 0 0 0 0.4686286252621996 0.4686286252621996 0
1554116638 0 0 0 0.48161127674727516 0.48161127674727516 0
1554116678 0 0 0 0.4955764006156211 0.4955764006156211 0
1554116718 0 0 0 0.5105201110195278 0.5105201110195278 0
1554116758 0 0 0 0.5204473847853359 0.5204473847853359 0
1554116798 0 0 0 0.5371153116975127 0.5371153116975127 0
1554116838 0 0 0 0.5546971668006339 0.5546971668006339 0
1554116879 2 4.935992299866027 4.935992299866027 0.5736304545170872 0.5736304545170872 4.935992299866027
1554116919 0 0 0 0.5929455387424329 0.5929455387424329 0
1554116959 0 0 0 0.6130372843033762 0.6130372843033762 0
1554116999 0 0 0 0.6338380801473231 0.6338380801473231 0
1554117039 0 0 0 0.6552683484139761 0.6552683484139761 0
1554117079 0 0 0 0.6772362871685208 0.6772362871685208 0
1554117119 0 0 0 0.6996378566508629 0.6996378566508629 0
1554117159 0 0 0 0.7223570349280437 0.7223570349280437 0
1554117199 0 0 0 0.7452663668563217 0.7452663668563217 0
1554117239 0 0 0 0.7682278224262619 0.7682278224262619 0
1554117279 0 0 0 0.7910939658438735 0.7910939658438735 0
1554117319 0 0 0 0.8137094308505642 0.8137094308505642 0
1554117359 0 0 0 0.8359126864198445 0.8359126864198445 0
1554117399 0 0 0 0.8575380605222029 0.8575380605222029 0
1554117439 0 0 0 0.8784179838629598 0.8784179838629598 0
1554117479 0 0 0 0.8983854053109607 0.8983854053109607 0
1554117519 0 0 0 0.9172763181884551 0.9172763181884551 0
1554117559 0 0 0 0.9349323351769332 0.9349323351769332 0
1554117599 0 0 0 0.9512032458622319 0.9512032458622319 0
1554117639 0 0 0 0.9659494854193134 0.9659494854193134 0
1554117679 0 0 0 0.9790444503373249 0.9790444503373249 0
1554117719 0 0 0 0.9903765974091964 0.9903765974091964 0
1554117759 0 0 0 0.9998512705888841 0.9998512705888841 0
1554117799 0 0 0 1.0073922074246953 1.0073922074246953 0
1554117839 0 0 0 1.012942688831979 1.012942688831979 0
1554117879 0 0 0 1.0164663042774544 1.0164663042774544 0
1554117919 0 0 0 1.017947318509056 1.017947318509056 0
1554117959 0 0 0 1.0290773737097574 1.0290773737097574 0
1554117999 0 0 0 1.0264687075493832 1.0264687075493832 0
1554118039 0 0 0 1.0218692998372925 1.0218692998372925 0
1554118079 0 0 0 1.0153428294399343 1.0153428294399343 0
1554118119 0 0 0 1.006969987660111 1.006969987660111 0
1554118159 0 0 0 0.996846748337863 0.996846748337863 0
1554118199 0 0 0 0.9850824270721958 0.9850824270721958 0
1554118239 2 0.0 0.0 0.9717975857575022 0.9717975857575022 0.0
1554118279 0 0 0 0.9571218387828561 0.9571218387828561 0
1554118319 1 0.0 0.0 0.9411916160451684 0.9411916160451684 0.0
1554118359 1 0.0 0.0 0.9241479388616476 0.9241479388616476 0.0
1554118399 0 0 0 0.9061342587971111 0.9061342587971111 0
1554118439 3 0.0 0.0 0.8872944030953704 0.8872944030953704 0.0
1554118479 4 0.0 0.0 0.8677706685335359 0.8677706685335359 0.0
1554118519 0 0 0 0.8477020943484903 0.8477020943484903 0
1554118559 0 0 0 0.8272229372290403 0.8272229372290403 0
1554118599 3 0.0 0.0 0.8064613676403384 0.8064613676403384 0.0
1554118639 1 0.0 0.0 0.7855383950746833 0.7855383950746833 0.0
1554118679 2 0.0 0.0 0.7645670223390257 0.7645670223390257 0.0
1554118719 1 0.0 0.0 0.7436516269526147 0.7436516269526147 0.0
1554118759 1 0.0 0.0 0.722887557832224 0.722887557832224 0.0
1554118799 0 0 0 0.7023609303536781 0.7023609303536781 0
1554118839 0 0 0 0.682148604400742 0.682148604400742 0
1554118879 0 0 0 0.662318321472249 0.662318321472249 0
1554118919 0 0 0 0.6429289790354288 0.6429289790354288 0
1554118959 0 0 0 0.6240310186864471 0.6240310186864471 0
1554118999 0 0 0 0.6056669057997206 0.6056669057997206 0
1554119039 0 0 0 0.5878716764506905 0.5878716764506905 0
1554119079 0 0 0 0.5706735339092542 0.5706735339092542 0
1554119119 0 0 0 0.5540944747820845 0.5540944747820845 0
1554119159 0 0 0 0.5381509270921364 0.5381509270921364 0
1554119199 0 0 0 0.5228543888366428 0.5228543888366428 0
1554119239 0 0 0 0.5082120537669204 0.5082120537669204 0
1554119279 1 0.0 0.0 0.49422741404344805 0.49422741404344805 0.0
1554119319 0 0 0 0.48090083458504934 0.48090083458504934 0
1554119359 1 0.0 0.0 0.46823009252962844 0.46823009252962844 0.0
1554119400 0 0 0 0.45591869613627367 0.45591869613627367 0
1554119440 0 0 0 0.4445611227185428 0.4445611227185428 0
1554119480 0 0 0 0.4338418021694164 0.4338418021694164 0
1554119520 0 0 0 0.42375274251910383 0.42375274251910383 0
1554119560 0 0 0 0.41428546721347664 0.41428546721347664 0
1554119600 0 0 0 0.40543131428076046 0.40543131428076046 0
1554119640 0 0 0 0.39718169947050574 0.39718169947050574 0
1554119680 0 0 0 0.3895283454646569 0.3895283454646569 0
1554119720 0 0 0 0.3824634811625375 0.3824634811625375 0
1554119760 0 0 0 0.3759800127815137 0.3759800127815137 0
1554119800 0 0 0 0.3700716698599253 0.3700716698599253 0
1554119840 0 0 0 0.3647331287304068 0.3647331287304068 0
1554119880 0 0 0 0.3599601160854681 0.3599601160854681 0
1554119920 0 0 0 0.3557494941150258 0.3557494941150258 0
1554119960 0 0 0 0.3520993299347664 0.3520993299347664 0
1554120000 0 0 0 0.3490089502499288 0.3490089502499288 0
1554120040 0 0 0 0.34647898224282997 0.34647898224282997 0
1554120080 0 0 0 0.3445113818863395 0.3445113818863395 0
1554120120 4 0.0 0.0 0.3431094495820824 0.3431094495820824 0.0
1554120160 2 0.0 0.0 0.3422778328958681 0.3422778328958681 0.0
1554120200 0 0 0 0.3420225160033892 0.3420225160033892 0
1554120240 0 0 0 0.3423507944986493 0.3423507944986493 0
1554120280 0 0 0 0.34327123401029225 0.34327123401029225 0
1554120320 0 0 0 0.3447936106173054 0.3447936106173054 0
1554120360 0 0 0 0.34692883038081346 0.34692883038081346 0
1554120400 0 0 0 0.3496888252813165 0.3496888252813165 0
1554120440 0 0 0 0.35308642200871426 0.35308642200871426 0
1554120480 0 0 0 0.357135179965447 0.357135179965447 0
1554120520 0 0 0 0.3618491949887527 0.3618491949887527 0
1554120560 0 0 0 0.36724286433964803 0.36724286433964803 0
1554120600 0 0 0 0.3733306091908106 0.3733306091908106 0
1554120640 0 0 0 0.38012655142875845 0.38012655142875845 0
1554120680 0 0 0 0.3876441407884076 0.3876441407884076 0
1554120720 0 0 0 0.39589573005095247 0.39589573005095247 0
1554120760 0 0 0 0.4048920974785465 0.4048920974785465 0
1554120800 0 0 0 0.41464191522031024 0.41464191522031024 0
1554120840 0 0 0 0.42515116558211313 0.42515116558211313 0
1554120880 0 0 0 0.43642250951651207 0.43642250951651207 0
1554120920 0 0 0 0.4433568190218681 0.4433568190218681 0
1554120960 0 0 0 0.4559960184313933 0.4559960184313933 0
1554121000 0 0 0 0.46936982068040956 0.46936982068040956 0
1554121040 0 0 0 0.48346076704422614 0.48346076704422614 0
1554121080 0 0 0 0.49824457497459645 0.49824457497459645 0
1554121120 0 0 0 0.5136894481958012 0.5136894481958012 0
1554121160 0 0 0 0.5297554392322211 0.5297554392322211 0
1554121200 0 0 0 0.5463938906319467 0.5463938906319467 0
1554121240 0 0 0 0.563546983089423 0.563546983089423 0
1554121280 0 0 0 0.581147415757292 0.581147415757292 0
1554121320 0 0 0 0.5991182469332738 0.5991182469332738 0
1554121360 0 0 0 0.617372921946709 0.617372921946709 0
1554121400 0 0 0 0.6358155081131152 0.6358155081131152 0
1554121440 0 0 0 0.6543411559282287 0.6543411559282287 0
1554121480 0 0 0 0.6728368002150681 0.6728368002150681 0
1554121520 0 0 0 0.6911821037789075 0.6911821037789075 0
1554121560 0 0 0 0.7092506424177336 0.7092506424177336 0
1554121600 0 0 0 0.7269113213809801 0.7269113213809801 0
1554121640 0 0 0 0.7440300007029744 0.7440300007029744 0
1554121680 0 0 0 0.7604713020204149 0.7604713020204149 0
1554121720 0 0 0 0.7761005612453523 0.7761005612453523 0
1554121760 0 0 0 0.7907858805812263 0.7907858805812263 0
1554121800 0 0 0 0.8044002315240864 0.8044002315240864 0
1554121840 0 0 0 0.816823555966073 0.816823555966073 0
1554121880 0 0 0 0.827944807371284 0.827944807371284 0
1554121921 0 0 0 0.8378881039832649 0.8378881039832649 0
1554121961 3 0.0 0.0 0.8460793424090497 0.8460793424090497 0.0
1554122001 4 0.0 0.0 0.8527061801270581 0.8527061801270581 0.0
1554122041 1 0.0 0.0 0.8577113624687712 0.8577113624687712 0.0
1554122081 2 0.0 0.0 0.8610541538869999 0.8610541538869999 0.0
1554122121 1 0.0 0.0 0.8627109876854306 0.8627109876854306 0.0
1554122161 0 0 0 0.8626757741661453 0.8626757741661453 0
1554122201 0 0 0 0.8609598615607594 0.8609598615607594 0
1554122241 0 0 0 0.8575916539200814 0.8575916539200814 0
1554122281 3 0.0 0.0 0.8526159005826416 0.8526159005826416 0.0
1554122321 0 0 0 0.8460926817272945 0.8460926817272945 0
1554122361 0 0 0 0.8380961221254085 0.8380961221254085 0
1554122401 0 0 0 0.8287128736704665 0.8287128736704665 0
1554122441 0 0 0 0.8274382655420701 0.8274382655420701 0
1554122481 1 0.0 0.0 0.8154398964157089 0.8154398964157089 0.0
1554122521 2 0.0 0.0 0.8023603215931912 0.8023603215931912 0.0
1554122561 1 0.0 0.0 0.7883195970296908 0.7883195970296908 0.0
1554122601 2 0.0 0.0 0.7734409578879324 0.7734409578879324 0.0
1554122641 2 0.0 0.0 0.7578489151579216 0.7578489151579216 0.0
1554122681 5 0.0 0.0 0.7416674577894559 0.7416674577894559 0.0
1554122721 4 0.0 0.0 0.7250183947668977 0.7250183947668977 0.0
1554122761 0 0 0 0.7080198683382671 0.7080198683382671 0
1554122801 10 0.0 0.0 0.6907850589861295 0.6907850589861295 0.0
1554122841 10 0.0 0.0 0.6734210946661757 0.6734210946661757 0.0
1554122881 1 0.0 0.0 0.6560281735294772 0.6560281735294772 0.0
1554122921 1 105.33679125946094 105.33679125946094 0.6386988984723365 0.6386988984723365 105.33679125946094
1554122961 0 0 0 0.621517816089395 0.621517816089395 0
1554123001 1 0.0 0.0 0.6045611506189357 0.6045611506189357 0.0
1554123041 0 0 0 0.5878967160166346 0.5878967160166346 0
1554123081 0 0 0 0.571583985838139 0.571583985838139 0
1554123121 0 0 0 0.5556743026388945 0.5556743026388945 0
1554123161 0 0 0 0.5402112027504724 0.5402112027504724 0
1554123201 0 0 0 0.5252308350785264 0.5252308350785264 0
1554123241 0 0 0 0.5107624522744405 0.5107624522744405 0
1554123281 0 0 0 0.4968289546099341 0.4968289546099341 0
1554123321 0 0 0 0.48344746638237146 0.48344746638237146 0
1554123361 0 0 0 0.470629930567259 0.470629930567259 0
1554123401 0 0 0 0.45838370643414306 0.45838370643414306 0
1554123441 0 0 0 0.44671215728779284 0.44671215728779284 0
1554123481 0 0 0 0.4356152205936974 0.4356152205936974 0
1554123521 0 0 0 0.42508995184135223 0.42508995184135223 0
1554123561 0 0 0 0.4151310359334075 0.4151310359334075 0
1554123601 0 0 0 0.40573126382501445 0.40573126382501445 0
1554123641 0 0 0 0.39688197119399465 0.39688197119399465 0
1554123681 0 0 0 0.38857343751111095 0.38857343751111095 0
1554123721 0 0 0 0.3807952468274362 0.3807952468274362 0
1554123761 0 0 0 0.37353661035550595 0.37353661035550595 0
1554123801 0 0 0 0.3667866517562411 0.3667866517562411 0
1554123841 0 0 0 0.3605346581805015 0.3605346581805015 0
1554123881 0 0 0 0.35477029854152875 0.35477029854152875 0
1554123921 0 0 0 0.34948381104761667 0.34948381104761667 0
1554123961 0 0 0 0.34466616328742233 0.34466616328742233 0
1554124001 0 0 0 0.340309186735162 0.340309186735162 0
1554124041 0 0 0 0.3364056877274257 0.3364056877274257 0
1554124081 0 0 0 0.3329495377696518 0.3329495377696518 0
1554124121 0 0 0 0.32993574476829357 0.32993574476829357 0
1554124161 0 0 0 0.32736050678120043 0.32736050678120043 0
1554124201 0 0 0 0.32522125037079563 0.32522125037079563 0
1554124241 0 0 0 0.3235166545121393 0.3235166545121393 0
1554124281 5 24.71909902877545 24.71909902877545 0.32224666103860433 0.32224666103860433 24.71909902877545
1554124321 26 0.0 0.0 0.3214124726853785 0.3214124726853785 0.0
1554124361 19 59.00177317519751 59.00177317519751 0.3210165389342851 0.3210165389342851 59.00177317519751
1554124401 27 0.0 0.0 0.3210625299127398 0.3210625299127398 0.0
1554124442 7 0.0 0.0 0.3215733911810173 0.3215733911810173 0.0
1554124482 3 0.0 0.0 0.32253032608576304 0.32253032608576304 0.0
1554124522 0 0 0 0.3239472635787624 0.3239472635787624 0
1554124562 4 0.0 0.0 0.3258322677849657 0.3258322677849657 0.0
1554124602 2 0.0 0.0 0.32819429457469373 0.32819429457469373 0.0
1554124642 0 0 0 0.33104307890802487 0.33104307890802487 0
1554124682 2 0.0 0.0 0.3343890024878112 0.3343890024878112 0.0
1554124722 0 0 0 0.3382429398074898 0.3382429398074898 0
1554124762 0 0 0 0.3426160798591201 0.3426160798591201 0
1554124802 0 0 0 0.34751972118600033 0.34751972118600033 0
1554124842 0 0 0 0.3529650383053748 0.3529650383053748 0
1554124882 0 0 0 0.3589628166293835 0.3589628166293835 0
1554124922 0 0 0 0.36552315413667097 0.36552315413667097 0
1554124962 0 0 0 0.37265512886310564 0.37265512886310564 0
1554125002 0 0 0 0.3803664304870944 0.3803664304870944 0
1554125042 0 0 0 0.3886629563988686 0.3886629563988686 0
1554125082 0 0 0 0.39754837401830273 0.39754837401830273 0
1554125122 0 0 0 0.4023978718139155 0.4023978718139155 0
1554125162 0 0 0 0.41234476162226125 0.41234476162226125 0
1554125202 0 0 0 0.4228665774891993 0.4228665774891993 0
1554125242 0 0 0 0.4339532262887405 0.4339532262887405 0
1554125282 0 0 0 0.44558987988004 0.44558987988004 0
1554125322 0 0 0 0.4577564500667048 0.4577564500667048 0
1554125362 0 0 0 0.4704270847933689 0.4704270847933689 0
1554125402 0 0 0 0.48356970076006517 0.48356970076006517 0
1554125442 0 0 0 0.49714557141801785 0.49714557141801785 0
1554125482 0 0 0 0.5111089872023231 0.5111089872023231 0
1554125522 0 0 0 0.5254070082844604 0.5254070082844604 0
1554125562 0 0 0 0.5399793305253726 0.5399793305253726 0
1554125602 0 0 0 0.5547582814445725 0.5547582814445725 0
1554125642 0 0 0 0.5696689644436214 0.5696689644436214 0
1554125682 0 0 0 0.584629567128689 0.584629567128689 0
1554125722 0 0 0 0.5928083356218211 0.5928083356218211 0
1554125762 0 0 0 0.6074143465404945 0.6074143465404945 0
1554125802 0 0 0 0.6217969163070531 0.6217969163070531 0
1554125842 0 0 0 0.6358543992269939 0.6358543992269939 0
1554125882 0 0 0 0.649482414946837 0.649482414946837 0
1554125922 0 0 0 0.662575177813028 0.662575177813028 0
1554125962 0 0 0 0.6750269526411874 0.6750269526411874 0
1554126002 0 0 0 0.6867336086879315 0.6867336086879315 0
1554126042 0 0 0 0.6975942379691441 0.6975942379691441 0
1554126082 0 0 0 0.7155331693858621 0.7155331693858621 0
1554126122 0 0 0 0.7244940058247427 0.7244940058247427 0
1554126162 0 0 0 0.7323250763879595 0.7323250763879595 0
1554126202 0 0 0 0.7389538676327289 0.7389538676327289 0
1554126242 0 0 0 0.7443188147901831 0.7443188147901831 0
1554126282 0 0 0 0.7483704357159848 0.7483704357159848 0
1554126322 0 0 0 0.7510722447337925 0.7510722447337925 0
1554126362 0 0 0 0.7524014197438046 0.7524014197438046 0
1554126402 0 0 0 0.7523492025724073 0.7523492025724073 0
1554126442 0 0 0 0.7509210202855298 0.7509210202855298 0
1554126482 0 0 0 0.7481363247360222 0.7481363247360222 0
1554126522 0 0 0 0.7440281554967979 0.7440281554967979 0
1554126562 0 0 0 0.7386424404739259 0.7386424404739259 0
1554126602 0 0 0 0.7320370561615689 0.7320370561615689 0
1554126642 0 0 0 0.7242806761141868 0.7242806761141868 0
1554126682 0 0 0 0.7154514429562543 0.7154514429562543 0
1554126722 0 0 0 0.7056355031786382 0.7056355031786382 0
1554126762 0 0 0 0.6949254457630315 0.6949254457630315 0
1554126802 0 0 0 0.6834186892943613 0.6834186892943613 0
1554126842 0 0 0 0.6789287615701528 0.6789287615701528 0
1554126882 0 0 0 0.6659802814919058 0.6659802814919058 0
1554126922 0 0 0 0.6525349746379128 0.6525349746379128 0
1554126963 0 0 0 0.6383448591697284 0.6383448591697284 0
1554127003 0 0 0 0.62420372248942 0.62420372248942 0
1554127043 0 0 0 0.6098655821782643 0.6098655821782643 0
1554127083 0 0 0 0.5954212460574697 0.5954212460574697 0
1554127123 0 0 0 0.5809558973353315 0.5809558973353315 0
1554127163 0 0 0 0.5665484671644531 0.5665484671644531 0
1554127203 0 0 0 0.5522711837206754 0.5522711837206754 0
1554127243 0 0 0 0.538189288784751 0.538189288784751 0
1554127283 0 0 0 0.5243609086945745 0.5243609086945745 0
1554127323 0 0 0 0.5108370668397023 0.5108370668397023 0
1554127363 0 0 0 0.4920059530756266 0.4920059530756266 0
1554127403 0 0 0 0.47935068502065153 0.47935068502065153 0
1554127443 0 0 0 0.46710961223902975 0.46710961223902975 0
1554127483 0 0 0 0.4553071382727268 0.4553071382727268 0
1554127523 0 0 0 0.4439621765529322 0.4439621765529322 0
1554127563 0 0 0 0.43308862480454524 0.43308862480454524 0
1554127603 0 0 0 0.42269585779004176 0.42269585779004176 0
1554127643 0 0 0 0.4127892252544489 0.4127892252544489 0
1554127683 0 0 0 0.4033705462606148 0.4033705462606148 0
1554127723 0 0 0 0.3944385904749996 0.3944385904749996 0
1554127763 0 0 0 0.3859895391768518 0.3859895391768518 0
1554127803 0 0 0 0.3780174223294583 0.3780174223294583 0
1554127843 0 0 0 0.3705145274553049 0.3705145274553049 0
1554127883 0 0 0 0.36347177763849553 0.36347177763849553 0
1554127923 0 0 0 0.35687907868011737 0.35687907868011737 0
1554127963 0 0 0 0.3507256345698017 0.3507256345698017 0
1554128003 0 0 0 0.345000231313504 0.345000231313504 0
1554128043 0 0 0 0.3396914910983522 0.3396914910983522 0
1554128083 0 0 0 0.33478809755013594 0.33478809755013594 0
1554128123 0 0 0 0.33027899342865585 0.33027899342865585 0
1554128163 0 0 0 0.3261535531636769 0.3261535531636769 0
1554128203 0 0 0 0.3224017315860974 0.3224017315860974 0
1554128243 0 0 0 0.31901419030608313 0.31901419030608313 0
1554128283 0 0 0 0.31598240400133576 0.31598240400133576 0
1554128323 0 0 0 0.3132987477590083 0.3132987477590083 0
1554128363 0 0 0 0.3145277646147034 0.3145277646147034 0
1554128403 3 0.0 0.0 0.31249272833265707 0.31249272833265707 0.0
1554128443 0 0 0 0.3107922895572752 0.3107922895572752 0
1554128483 0 0 0 0.30942286410027264 0.30942286410027264 0
1554128523 3 0.0 0.0 0.30838197241553944 0.30838197241553944 0.0
1554128563 0 0 0 0.30766823816039096 0.30766823816039096 0
1554128603 0 0 0 0.3072813743957042 0.3072813743957042 0
1554128643 0 0 0 0.307222157984722 0.307222157984722 0
1554128683 0 0 0 0.30749239229361985 0.30749239229361985 0
1554128723 0 0 0 0.30809485832860234 0.30809485832860234 0
1554128763 0 0 0 0.30903325427929423 0.30903325427929423 0
1554128803 0 0 0 0.31031212317710727 0.31031212317710727 0
1554128843 0 0 0 0.3119367684281129 0.3119367684281129 0
1554128883 0 0 0 0.3139131565543195 0.3139131565543195 0
1554128923 0 0 0 0.31624780649694484 0.31624780649694484 0
1554128963 0 0 0 0.3189476648606752 0.3189476648606752 0
1554129003 0 0 0 0.32201996593055465 0.32201996593055465 0
1554129043 0 0 0 0.3254720755259846 0.3254720755259846 0
1554129083 0 0 0 0.3293113179849772 0.3293113179849772 0
1554129123 0 0 0 0.333544784840727 0.333544784840727 0
1554129163 0 0 0 0.33817912445546755 0.33817912445546755 0
1554129203 0 0 0 0.34322031229558886 0.34322031229558886 0
1554129243 0 0 0 0.3486734008148203 0.3486734008148203 0
1554129283 0 0 0 0.35454224920730965 0.35454224920730965 0
1554129323 0 0 0 0.3608292339890568 0.3608292339890568 0
1554129363 0 0 0 0.36753494085831745 0.36753494085831745 0
1554129403 0 0 0 0.37039980279938 0.37039980279938 0
1554129443 0 0 0 0.37784903294055283 0.37784903294055283 0
1554129484 0 0 0 0.38590131650650883 0.38590131650650883 0
1554129524 0 0 0 0.3941537831719181 0.3941537831719181 0
1554129564 0 0 0 0.40278446566483483 0.40278446566483483 0
1554129604 0 0 0 0.41177618067297883 0.41177618067297883 0
1554129644 0 0 0 0.4211076240919373 0.4211076240919373 0
1554129684 0 0 0 0.4307530831509037 0.4307530831509037 0
1554129724 0 0 0 0.43568076326593086 0.43568076326593086 0
1554129764 0 0 0 0.4456765614652439 0.4456765614652439 0
1554129804 0 0 0 0.45588105555438885 0.45588105555438885 0
1554129844 0 0 0 0.4662498468775538 0.4662498468775538 0
1554129884 0 0 0 0.4767335742246934 0.4767335742246934 0
1554129924 0 0 0 0.48727803774461015 0.48727803774461015 0
1554129964 0 0 0 0.4978244310228949 0.4978244310228949 0
1554130004 0 0 0 0.5083096870557843 0.5083096870557843 0
1554130044 0 0 0 0.5186669438452671 0.5186669438452671 0
1554130084 0 0 0 0.5288261317879714 0.5288261317879714 0
1554130124 0 0 0 0.5387146793052955 0.5387146793052955 0
1554130164 0 0 0 0.548258331169559 0.548258331169559 0
1554130204 0 0 0 0.5573820697963431 0.5573820697963431 0
1554130244 0 0 0 0.5660111232006718 0.5660111232006718 0
1554130284 0 0 0 0.5740720414199394 0.5740720414199394 0
1554130324 0 0 0 0.5814938191996536 0.5814938191996536 0
1554130364 0 0 0 0.588209037639591 0.588209037639591 0
1554130404 0 0 0 0.5941549972505534 0.5941549972505534 0
1554130444 0 0 0 0.599274812738083 0.599274812738083 0
1554130484 0 0 0 0.6035184383716841 0.6035184383716841 0
1554130524 0 0 0 0.6068435948316145 0.6068435948316145 0
1554130564 0 0 0 0.6092165701588764 0.6092165701588764 0
1554130604 0 0 0 0.610612869513087 0.610612869513087 0
1554130644 0 0 0 0.611017693742503 0.611017693742503 0
1554130684 0 0 0 0.6104262312111551 0.6104262312111551 0
1554130724 0 0 0 0.6088437528397573 0.6088437528397573 0
1554130764 0 0 0 0.6062855071523567 0.6062855071523567 0
1554130804 0 0 0 0.6027764176318426 0.6027764176318426 0
1554130844 0 0 0 0.5983505917959541 0.5983505917959541 0
1554130884 0 0 0 0.5930506567761011 0.5930506567761011 0
1554130924 0 0 0 0.5869269412597842 0.5869269412597842 0
1554130964 0 0 0 0.5800365289662067 0.5800365289662067 0
1554131004 0 0 0 0.572442211494913 0.572442211494913 0
1554131044 0 0 0 0.5705587399780438 0.5705587399780438 0
1554131084 0 0 0 0.5615909020933075 0.5615909020933075 0
1554131124 0 0 0 0.552123016835598 0.552123016835598 0
1554131164 0 0 0 0.54223042269216 0.54223042269216 0
1554131204 0 0 0 0.5381004659236246 0.5381004659236246 0
1554131244 0 0 0 0.5274596254904028 0.5274596254904028 0
1554131284 0 0 0 0.5166141643433936 0.5166141643433936 0
1554131324 0 0 0 0.5056345489240212 0.5056345489240212 0
1554131364 0 0 0 0.49458769949522435 0.49458769949522435 0
1554131404 0 0 0 0.4835363904455724 0.4835363904455724 0
1554131444 0 0 0 0.46716145440366047 0.46716145440366047 0
1554131484 0 0 0 0.4563722832013389 0.4563722832013389 0
1554131524 0 0 0 0.44573929861265943 0.44573929861265943 0
1554131564 0 0 0 0.4353045447639085 0.4353045447639085 0
1554131604 0 0 0 0.4251048200704765 0.4251048200704765 0
1554131644 0 0 0 0.4151717665141977 0.4151717665141977 0
1554131684 0 0 0 0.4055320352436224 0.4055320352436224 0
1554131724 0 0 0 0.396207514631616 0.396207514631616 0
1554131764 0 0 0 0.3872156069810371 0.3872156069810371 0
1554131804 3 0.0 0.0 0.3785695430147481 0.3785695430147481 0.0
1554131844 0 0 0 0.3702787219139307 0.3702787219139307 0
1554131884 0 0 0 0.36234906623109764 0.36234906623109764 0
1554131924 0 0 0 0.3547833840992476 0.3547833840992476 0
1554131964 3 0.0 0.0 0.34758173015983856 0.34758173015983856 0.0
1554132005 2 0.0 0.0 0.34057536016314915 0.34057536016314915 0.0
1554132045 5 0.0 0.0 0.334101530612924 0.334101530612924 0.0
1554132085 0 0 0 0.3279786761990582 0.3279786761990582 0
1554132125 0 0 0 0.3221992097603888 0.3221992097603888 0
1554132165 0 0 0 0.3167544171246001 0.3167544171246001 0
1554132205 0 0 0 0.311634724481681 0.311634724481681 0
1554132245 0 0 0 0.3068299445544389 0.3068299445544389 0
1554132285 0 0 0 0.30232950129035857 0.30232950129035857 0
1554132325 0 0 0 0.29812263429678415 0.29812263429678415 0
1554132365 0 0 0 0.2941985831743972 0.2941985831743972 0
1554132405 0 0 0 0.29387910815343243 0.29387910815343243 0
1554132445 0 0 0 0.29043320323681837 0.29043320323681837 0
1554132485 0 0 0 0.2872437865909886 0.2872437865909886 0
1554132525 0 0 0 0.2843015354523941 0.2843015354523941 0
1554132565 0 0 0 0.28159777105078615 0.28159777105078615 0
1554132605 0 0 0 0.279124539408656 0.279124539408656 0
1554132645 0 0 0 0.276874676998604 0.276874676998604 0
1554132685 0 0 0 0.27484186228300617 0.27484186228300617 0
1554132725 0 0 0 0.2730206533807316 0.2730206533807316 0
1554132765 0 0 0 0.2714065123051983 0.2714065123051983 0
1554132805 0 0 0 0.2699958165361356 0.2699958165361356 0
1554132845 0 0 0 0.2687858581881763 0.2687858581881763 0
1554132885 0 0 0 0.2677748312966547 0.2677748312966547 0
1554132925 0 0 0 0.2669618077564393 0.2669618077564393 0
1554132965 0 0 0 0.2663467024296884 0.2663467024296884 0
1554133005 0 0 0 0.26593022779993913 0.26593022779993913 0
1554133045 0 0 0 0.2688009517126432 0.2688009517126432 0
1554133085 0 0 0 0.26877609309165795 0.26877609309165795 0
1554133125 0 0 0 0.2689576587783483 0.2689576587783483 0
1554133165 0 0 0 0.2693488794879144 0.2693488794879144 0
1554133205 0 0 0 0.26995342533789257 0.26995342533789257 0
1554133245 0 0 0 0.2707753076421824 0.2707753076421824 0
1554133285 0 0 0 0.27181877304191887 0.27181877304191887 0
1554133325 0 0 0 0.2730881900396417 0.2730881900396417 0
1554133365 0 0 0 0.27142517922327764 0.27142517922327764 0
1554133405 0 0 0 0.2731265357564797 0.2731265357564797 0
1554133445 0 0 0 0.2750637453160572 0.2750637453160572 0
1554133485 0 0 0 0.27724047427145054 0.27724047427145054 0
1554133525 0 0 0 0.2796598328919244 0.2796598328919244 0
1554133565 0 0 0 0.28232421825766574 0.28232421825766574 0
1554133605 0 0 0 0.2852351506202889 0.2852351506202889 0
1554133645 0 0 0 0.2883931035136705 0.2883931035136705 0
1554133685 0 0 0 0.2917973285082839 0.2917973285082839 0
1554133725 0 0 0 0.2920881684646376 0.2920881684646376 0
1554133765 0 0 0 0.29593195260857197 0.29593195260857197 0
1554133805 0 0 0 0.30000791492718143 0.30000791492718143 0
1554133845 0 0 0 0.30087786282504914 0.30087786282504914 0
1554133885 0 0 0 0.30526916192863107 0.30526916192863107 0
1554133925 0 0 0 0.30986285526931057 0.30986285526931057 0
1554133965 0 0 0 0.31464522723179583 0.31464522723179583 0
1554134005 0 0 0 0.3196000688440669 0.3196000688440669 0
1554134045 0 0 0 0.3247085744245185 0.3247085744245185 0
1554134085 0 0 0 0.32994926843926287 0.32994926843926287 0
1554134125 0 0 0 0.3352979681146521 0.3352979681146521 0
1554134165 0 0 0 0.34072778734697806 0.34072778734697806 0
1554134205 0 0 0 0.34620918916881105 0.34620918916881105 0
1554134245 0 0 0 0.35171009042348045 0.35171009042348045 0
1554134285 0 0 0 0.3571960239639392 0.3571960239639392 0
1554134325 0 0 0 0.36263036197021736 0.36263036197021736 0
1554134365 0 0 0 0.36797460174292307 0.36797460174292307 0
1554134405 0 0 0 0.3731887145136052 0.3731887145136052 0
1554134445 0 0 0 0.3782315561442743 0.3782315561442743 0
1554134485 0 0 0 0.38306133509399054 0.38306133509399054 0
1554134526 0 0 0 0.38774687459758655 0.38774687459758655 0
1554134566 0 0 0 0.3920172701286274 0.3920172701286274 0
1554134606 0 0 0 0.39594975418882916 0.39594975418882916 0
1554134646 0 0 0 0.39950557022309235 0.39950557022309235 0
1554134686 0 0 0 0.4026482460747341 0.4026482460747341 0
1554134726 0 0 0 0.4053442059992632 0.4053442059992632 0
1554134766 0 0 0 0.40756335600359855 0.40756335600359855 0
1554134806 0 0 0 0.40927962651469496 0.40927962651469496 0
1554134846 0 0 0 0.4104714562547068 0.4104714562547068 0
1554134886 8 0.0 0.0 0.4111222023650469 0.4111222023650469 0.0
1554134926 0 0 0 0.41122046369265136 0.41122046369265136 0
1554134966 0 0 0 0.4107603069284634 0.4107603069284634 0
1554135006 0 0 0 0.4097413873277214 0.4097413873277214 0
1554135046 0 0 0 0.4081689598786678 0.4081689598786678 0
1554135086 0 0 0 0.40605377970763035 0.40605377970763035 0
1554135126 0 0 0 0.4034118944581788 0.4034118944581788 0
1554135166 0 0 0 0.40026433459110894 0.40026433459110894 0
1554135206 0 0 0 0.3966367107588744 0.3966367107588744 0
1554135246 0 0 0 0.39255873064942065 0.39255873064942065 0
1554135286 0 0 0 0.3880636495885312 0.3880636495885312 0
1554135326 0 0 0 0.38318767058685865 0.38318767058685865 0
1554135366 0 0 0 0.37796931136363515 0.37796931136363515 0
1554135406 0 0 0 0.3724487555953593 0.3724487555953593 0
1554135446 0 0 0 0.3666672046438468 0.3666672046438468 0
1554135486 0 0 0 0.364763256521601 0.364763256521601 0
1554135526 0 0 0 0.35446706262088995 0.35446706262088995 0
1554135566 0 0 0 0.3481228368371059 0.3481228368371059 0
1554135606 0 0 0 0.3416832501138275 0.3416832501138275 0
1554135646 0 0 0 0.338959836989267 0.338959836989267 0
1554135686 0 0 0 0.3322926009088311 0.3322926009088311 0
1554135726 0 0 0 0.3256366443054127 0.3256366443054127 0
1554135766 0 0 0 0.3190229996803628 0.3190229996803628 0
1554135806 0 0 0 0.3124798248666755 0.3124798248666755 0
1554135846 0 0 0 0.3060322983289614 0.3060322983289614 0
1554135886 0 0 0 0.29970257420873814 0.29970257420873814 0
1554135926 0 0 0 0.293509790861337 0.293509790861337 0
1554135966 0 0 0 0.2874701271741864 0.2874701271741864 0
1554136006 0 0 0 0.2815968992974798 0.2815968992974798 0
1554136046 0 0 0 0.27590069046107896 0.27590069046107896 0
1554136086 0 0 0 0.2703895079910626 0.2703895079910626 0
1554136126 0 0 0 0.2650689608632102 0.2650689608632102 0
1554136166 6 0.0 0.0 0.26291565775122633 0.26291565775122633 0.0
1554136206 0 0 0 0.25790745857748143 0.25790745857748143 0
1554136246 3 0.0 0.0 0.2530962181213998 0.2530962181213998 0.0
1554136286 3 0.0 0.0 0.24848005738622622 0.24848005738622622 0.0
1554136326 6 0.0 0.0 0.244055700533231 0.244055700533231 0.0
1554136366 0 0 0 0.23981867897819398 0.23981867897819398 0
1554136406 1 0.0 0.0 0.23576352888899998 0.23576352888899998 0.0
1554136446 0 0 0 0.2318839811752689 0.2318839811752689 0
1554136486 0 0 0 0.22817314255750434 0.22817314255750434 0
1554136526 0 0 0 0.22462366652442559 0.22462366652442559 0
1554136566 0 0 0 0.22122791423196017 0.22122791423196017 0
1554136606 0 0 0 0.21797810445686297 0.21797810445686297 0
1554136646 0 0 0 0.2148664522415729 0.2148664522415729 0
1554136686 0 0 0 0.21188529623729616 0.21188529623729616 0
1554136726 0 0 0 0.209027214426806 0.209027214426806 0
1554136766 2 0.0 0.0 0.20628512769171264 0.20628512769171264 0.0
1554136806 3 0.0 0.0 0.20365239154608322 0.20365239154608322 0.0
1554136846 3 0.0 0.0 0.20112287552043137 0.20112287552043137 0.0
1554136886 0 0 0 0.19869102994194818 0.19869102994194818 0
1554136926 0 0 0 0.19862943447437567 0.19862943447437567 0
1554136966 4 0.0 0.0 0.19634020401596017 0.19634020401596017 0.0
1554137006 1 0.0 0.0 0.1941394769783938 0.1941394769783938 0.0
1554137047 0 0 0 0.19197261184488942 0.19197261184488942 0
1554137087 0 0 0 0.1899431475370827 0.1899431475370827 0
1554137127 0 0 0 0.18799577406301649 0.18799577406301649 0
1554137167 0 0 0 0.18612978261426572 0.18612978261426572 0
1554137207 0 0 0 0.18434512715649856 0.18434512715649856 0
1554137247 0 0 0 0.18264238721510145 0.18264238721510145 0
1554137287 0 0 0 0.18102272223318672 0.18102272223318672 0
1554137327 0 0 0 0.1794878189062563 0.1794878189062563 0
1554137367 0 0 0 0.17803983235469836 0.17803983235469836 0
1554137407 0 0 0 0.17464880300326688 0.17464880300326688 0
1554137447 0 0 0 0.17338370436090578 0.17338370436090578 0
1554137487 0 0 0 0.17221169673867828 0.17221169673867828 0
1554137527 0 0 0 0.17113626473562543 0.17113626473562543 0
1554137567 0 0 0 0.17016101326263008 0.17016101326263008 0
1554137607 0 0 0 0.16928959275524924 0.16928959275524924 0
1554137647 0 0 0 0.16852562482548308 0.16852562482548308 0
1554137687 0 0 0 0.16787262909544431 0.16787262909544431 0
1554137727 0 0 0 0.16733395138025245 0.16733395138025245 0
1554137767 0 0 0 0.1688435257408179 0.1688435257408179 0
1554137807 0 0 0 0.16852762572819946 0.16852762572819946 0
1554137847 0 0 0 0.16833522536530923 0.16833522536530923 0
1554137887 0 0 0 0.16826833821243958 0.16826833821243958 0
1554137927 0 0 0 0.16832847262088219 0.16832847262088219 0
1554137967 0 0 0 0.1685165694434443 0.1685165694434443 0
1554138007 0 0 0 0.16883294105194438 0.16883294105194438 0
1554138047 0 0 0 0.16731062820675605 0.16731062820675605 0
1554138087 0 0 0 0.16782516700711314 0.16782516700711314 0
1554138127 0 0 0 0.16654937404584616 0.16654937404584616 0
1554138167 0 0 0 0.1673006410585234 0.1673006410585234 0
1554138207 0 0 0 0.16816850532269134 0.16816850532269134 0
1554138247 0 0 0 0.16914850877232981 0.16914850877232981 0
1554138287 0 0 0 0.1702352213660885 0.1702352213660885 0
1554138327 0 0 0 0.17142220705802175 0.17142220705802175 0
1554138367 0 0 0 0.17270199732357 0.17270199732357 0
1554138407 0 0 0 0.17406607435085866 0.17406607435085866 0
1554138447 0 0 0 0.17550486537684756 0.17550486537684756 0
1554138487 0 0 0 0.1770077506229935 0.1770077506229935 0
1554138527 0 0 0 0.17856308628077489 0.17856308628077489 0
1554138567 0 0 0 0.18015824477995332 0.18015824477995332 0
1554138607 0 0 0 0.18177967396413044 0.18177967396413044 0
1554138647 0 0 0 0.18341297648990684 0.18341297648990684 0
1554138687 0 0 0 0.1850430103947436 0.1850430103947436 0
1554138727 0 0 0 0.1866540115420598 0.1866540115420598 0
1554138767 0 0 0 0.18822973748644503 0.18822973748644503 0
1554138807 0 0 0 0.18975363202011078 0.18975363202011078 0
1554138847 0 0 0 0.1912090088731885 0.1912090088731885 0
1554138887 0 0 0 0.19257925181676858 0.19257925181676858 0
1554138927 0 0 0 0.19384802816156854 0.19384802816156854 0
1554138967 0 0 0 0.19499951153084555 0.19499951153084555 0
1554139007 0 0 0 0.19601860914261923 0.19601860914261923 0
1554139047 0 0 0 0.19689118825351845 0.19689118825351845 0
1554139087 0 0 0 0.19760429626205953 0.19760429626205953 0
1554139127 0 0 0 0.19814636835675478 0.19814636835675478 0
1554139167 0 0 0 0.19850741694435056 0.19850741694435056 0
1554139207 0 0 0 0.19867919727071454 0.19867919727071454 0
1554139247 0 0 0 0.1986553439717955 0.1986553439717955 0
1554139287 0 0 0 0.1984314744004683 0.1984314744004683 0
1554139327 0 0 0 0.19800525507929592 0.19800525507929592 0
1554139367 0 0 0 0.1973764291240025 0.1973764291240025 0
1554139407 0 0 0 0.19654680338668323 0.19654680338668323 0
1554139447 0 0 0 0.19552019555827088 0.19552019555827088 0
1554139487 0 0 0 0.19430234270861096 0.19430234270861096 0
1554139527 0 0 0 0.19072549954609233 0.19072549954609233 0
1554139568 0 0 0 0.1891058644889725 0.1891058644889725 0
1554139608 0 0 0 0.18736268466710534 0.18736268466710534 0
1554139648 0 0 0 0.18547044089534473 0.18547044089534473 0
1554139688 0 0 0 0.185526449938284 0.185526449938284 0
1554139728 0 0 0 0.18335017871682657 0.18335017871682657 0
1554139768 0 0 0 0.18106416050356827 0.18106416050356827 0
1554139808 0 0 0 0.17868292620672485 0.17868292620672485 0
1554139848 0 0 0 0.1762210497437928 0.1762210497437928 0
1554139888 0 0 0 0.17369293330568294 0.17369293330568294 0
1554139928 0 0 0 0.17111260960086525 0.17111260960086525 0
1554139968 0 0 0 0.1684935643492647 0.1684935643492647 0
1554140008 0 0 0 0.16584858140485398 0.16584858140485398 0
1554140048 0 0 0 0.16318961209171168 0.16318961209171168 0
1554140088 0 0 0 0.16052766905273294 0.16052766905273294 0
1554140128 0 0 0 0.15967772041025907 0.15967772041025907 0
1554140168 0 0 0 0.15696342182175785 0.15696342182175785 0
1554140208 0 0 0 0.15427406416855355 0.15427406416855355 0
1554140248 0 0 0 0.15161657898426292 0.15161657898426292 0
1554140288 0 0 0 0.14899675774614293 0.14899675774614293 0
1554140328 0 0 0 0.1464192759103079 0.1464192759103079 0
1554140368 0 0 0 0.14388773273270752 0.14388773273270752 0
1554140408 0 0 0 0.14140470459240403 0.14140470459240403 0
1554140448 0 0 0 0.1389718094128092 0.1389718094128092 0
1554140488 0 0 0 0.13658978056873639 0.13658978056873639 0
1554140528 0 0 0 0.13425854825117692 0.13425854825117692 0
1554140568 0 0 0 0.1319773262617446 0.1319773262617446 0
